0.434894
0.266627
-1.59658
-0.993806
-0.93427
-0.350223
-1.70736
-2.00618
-1.3425
-1.08185
-1.25407
-0.825352
-0.210052
0.292378
-0.103372
-1.31672
-0.434079
-0.303794
-0.469031
-1.98699
-3.69159
-4.24571
-2.34814
-2.70924
-0.484556
-0.162828
0.340179
-0.196121
-1.88221
-3.16444
-1.95922
-3.48149
-2.94846
-1.32687
-1.33202
1.92959
2.0518
0.250309
1.09786
1.22018
1.62526
-0.993198
0.16087
-2.5414
-2.12326
0.900182
1.23429
-0.734974
-0.946102
0.607948
-0.333761
0.818154
-1.90783
-1.77235
-2.27229
-1.45314
-0.170106
-0.55932
-2.39977
-2.20779
0.0176542
-2.06298
-1.63897
-2.37603
-2.70213
-1.40133
-0.432305
-0.748408
-0.0551537
-1.35492
-2.30053
-3.80583
-0.364042
-1.17507
-1.4724
-0.0305318
-2.01818
-2.78982
-0.377413
-0.129816
-0.235843
-0.526538
-1.03712
-3.47
-2.64041
-1.4532
-0.0616334
0.741494
-0.926479
-1.78325
-0.398344
-1.6587
-0.0476577
-2.48621
-2.46648
-3.03715
-0.331079
0.148448
-0.613819
-0.0787564
-2.03035
-0.810495
-3.52095
-1.3781
0.381301
1.41295
1.56115
-0.631834
0.461464
1.328
0.0962796
-0.334756
-1.99781
-1.38582
0.400234
0.752972
0.49511
0.438032
0.809982
1.3277
-1.89398
-2.58692
-0.155212
-1.0363
-2.36163
-0.785346
-2.56889
0.323999
0.923278
1.10372
-0.687625
-3.2771
-3.13066
-2.04538
-0.978043
-0.0111706
0.150027
1.07673
0.597693
1.67187
2.12481
1.96535
1.06026
0.76612
0.409956
1.61638
2.03224
1.00173
0.937089
1.82325
1.49404
0.530328
1.18393
1.58875
1.19932
1.43047
-1.66396
-1.38725
0.268914
-2.07584
0.296672
0.0931171
1.6206
2.04377
-0.170724
0.573337
0.380314
0.0950457
-0.0583865
0.803259
0.331357
0.845848
-0.832076
-0.247847
-3.46101
-0.90738
1.68907
-0.0936526
-0.178032
-0.195147
-1.27711
-1.15212
-0.410401
-0.48551
-1.17697
0.394267
-1.68829
-1.4284
-1.39987
0.213246
-0.585113
0.46235
-1.37714
-0.585918
-0.0429559
0.0332396
0.624296
0.0985251
-0.536749
1.5968
1.43033
0.748195
-0.968151
-0.903026
0.355239
-0.949671
-0.381853
0.700364
1.44115
0.747953
0.596998
1.23362
1.82443
1.48094
1.4971
1.38648
2.26191
-0.200949
0.993296
0.440992
1.03511
0.925964
1.49489
1.92828
1.7377
1.71089
2.18542
-1.37238
0.322288
-0.18705
0.580285
1.38738
0.966282
-2.27368
-0.249206
1.49694
1.7152
-0.215104
0.872215
1.47272
0.989153
-1.84621
-0.218234
0.701274
-0.00496329
-1.41306
0.351088
0.272417
0.435908
0.76105
-0.29356
1.57832
0.84409
1.43775
1.46199
0.374248
0.212949
0.687741
1.44235
1.47188
2.13486
1.82836
1.43263
2.05338
0.668495
0.966664
1.64986
0.072382
0.0135419
1.36016
1.04488
0.6764
2.02479
1.64336
1.01985
0.31944
0.344014
0.383866
0.355611
0.134494
-0.585214
-0.729591
-1.0781
-0.145756
0.395824
0.656959
0.00780854
-2.01294
0.00571686
1.61437
0.94268
0.270697
0.393011
1.36445
1.53149
1.50402
2.50282
0.846757
0.195748
1.02863
1.2974
2.56212
1.87906
2.14566
1.66153
-1.17089
0.510971
0.418575
0.701267
0.362461
2.05234
-1.29309
-1.29936
-2.28931
-2.35856
-2.5451
-0.469168
-0.516464
1.11992
0.876006
-0.032002
1.70985
-1.04325
0.273921
-2.36658
-1.00528
-0.870393
-0.512413
0.0321662
-2.87925
-1.23895
-0.165649
1.33036
-0.776079
-0.72729
0.318094
0.975495
0.64
-0.301657
0.680018
-2.4175
-1.69527
0.288096
-2.07578
-1.58053
-0.364351
1.2442
0.109765
0.985157
1.02494
-0.0610362
-0.426379
-1.30136
0.138246
0.500352
-0.599569
1.20961
1.94057
1.32134
0.494795
1.28084
0.790433
1.00155
-1.64315
-0.666727
0.510194
-0.102859
1.06953
0.320531
-0.496155
-0.168945
1.60504
1.4649
0.567502
-0.36967
1.04769
0.479821
0.775788
1.56587
1.40607
1.0003
0.950407
1.09181
1.41884
2.09453
0.833326
0.00231902
-2.30859
0.188243
-0.534427
1.10188
0.449036
1.19746
1.94062
1.39078
0.881815
0.791891
0.87572
1.95408
-0.0425056
0.849964
1.72739
0.74777
0.487018
0.636359
0.623537
-0.248531
0.65706
1.21404
0.637486
-0.846498
0.736953
1.26118
0.875661
0.773489
0.714704
0.460285
0.672409
-0.406798
1.81992
1.34153
1.77256
2.05388
1.47453
1.35864
-0.0550833
2.51147
2.60788
2.92156
3.0305
2.75748
1.9312
2.32752
1.27766
1.43984
-1.42109
3.17351
3.73794
0.303306
2.44348
2.33777
3.19857
3.51146
3.05348
3.82729
3.3499
4.66133
2.05243
4.02034
3.96907
1.5829
3.26905
2.39418
3.42879
2.67352
3.20382
3.35358
4.39936
1.40748
2.47241
0.33501
-0.797534
1.92629
2.389