-0.0480373
-0.101558
-0.146216
-0.214743
-0.202004
-0.0842046
-0.203629
-0.198255
-0.0466166
-0.148499
0.0378898
0.289043
0.453947
0.355358
0.348192
0.295175
0.371621
0.428084
0.28755
0.160057
0.325012
0.539729
0.480684
0.495134
0.360277
0.349668
0.240537
0.264801
0.108595
0.0547189
-0.0175019
-0.0406501
-0.00154766
0.119512
0.0252168
0.0389364
0.0389409
-0.071603
-0.118595
-0.127298
-0.0970571
-0.246516
-0.226475
-0.226948
-0.255804
-0.290555
-0.289699
-0.258728
-0.337233
-0.393938
-0.37321
-0.302403
-0.36704
-0.447653
-0.357629
-0.336805
-0.314922
-0.396803
-0.410086
-0.323008
-0.389947
-0.483755
-0.491586
-0.395216
-0.406568
-0.479585
-0.476992
-0.428879
-0.559189
-0.441343
-0.189025
-0.238137
-0.355295
-0.335667
-0.357531
-0.437828
-0.198665
0.0981783
0.0165144
-0.077291
0.121851
0.0535571
0.285336
0.437875
0.723207
1.0213
0.529725
0.543491
0.353073
0.530985
0.668961
0.616832
0.692029
0.886727
1.18972
0.962806
0.97455
0.875801
0.991783
0.586726
0.72136
0.900194
0.539925
0.692413
1.03419
1.06588
0.852751
0.912516
0.512807
0.375146
0.477463
0.126661
0.0894062
0.040056
-0.0260484
0.102677
0.340417
0.400399
0.59967
0.486658
0.672694
0.99683
1.0049
0.934326
0.913773
0.860169
0.430404
0.268054
0.113765
0.145952
-0.145855
-0.186257
0.127092
0.58765
0.454862
0.319042
0.553474
0.20849
0.056198
-0.171224
-0.150361
-0.00591106
0.0665799
0.182703
-0.237205
-0.134094
-0.275051
-0.234562
-0.13685
-0.217283
0.12492
0.6249
0.648353
0.619304
0.573232
0.338046
0.337035
0.580302
0.556303
0.577697
0.736248
0.613004
0.653723
0.414122
0.580505
0.706037
0.264582
0.140204
-0.0581498
0.143439
-0.0186562
-0.122135
-0.178876
-0.468978
-0.426004
-0.521821
-0.52548
-0.325956
-0.69175
-0.599161
-0.411042
-0.0431424
-0.464504
-0.331177
-0.391515
-0.331976
-0.217987
-0.300352
0.0103242
-0.420191
-0.39977
-0.356612
-0.50091
-0.50811
-0.525568
-0.685177
-0.5185
-0.532004
-0.490972
-0.0869091
-0.332366
-0.366266
-0.399544
-0.464483
-0.43322
-0.356829
-0.347432
-0.35115
-0.292044
-0.473229
-0.284102
-0.7135
-0.770339
-0.62884
-0.394032
-0.510216
-0.322516
-0.0354724
0.0635892
0.351014
0.33756
0.0555806
-0.00811106
0.0694182
0.37116
0.115523
0.296249
0.188593
0.38128
0.0391677
-0.259303
-0.363356
-0.320939
-0.352288
-0.431873
-0.501439
-0.675022
-0.689023
-0.716346
-0.540671
-0.683511
-0.673256
-0.681585
-0.862684
-0.958504
-0.848794
-0.838049
-0.852003
-0.869245
-0.773952
-0.633261
-0.966443
-0.863077
-1.00528
-0.878659
-0.738203
-0.65344
-0.66509
-0.924706
-0.739333
-0.945237
-0.823648
-0.417993
-0.358861
-0.376233
-0.526074
-0.520345
-0.630108
-0.425021
0.128611
0.0389371
-0.364481
-0.316325
-0.385899
-0.437385
-0.596795
-0.703968
-0.607803
-0.549824
-0.722626
-0.766268
-0.581276
-0.749912
-0.819661
-0.410616
0.211822
0.322084
0.333753
0.0713693
0.0386161
0.402338
0.363213
0.00105871
0.175057
0.349688
0.127433
0.226543
0.586152
0.39783
0.481551
0.699484
0.926385
0.627958
0.542953
0.196959
0.208157
0.129505
-0.0931727
-0.200969
-0.118478
-0.283475
-0.503077
-0.433259
-0.577392
-0.584059
-0.513061
-0.594343
-0.494419
-0.379955
-0.227428
-0.0173014
-0.0258164
-0.0568937
-0.0970593
0.205811
0.0991634
-0.251324
-0.452925
-0.376068
-0.629888
-0.821162
-0.930868
-1.00179
-0.858456
-0.613565
-0.29604
-0.0227512
-0.1572
-0.230838
-0.371873
-0.0432875
-0.168126
0.0598027
0.172207
0.156891
-0.100346
-0.15411
0.0975667
0.326963
0.276042
0.16762
0.0363463
-0.0273136
-0.0470258
0.51094
0.467562
0.604956
0.718913
0.646399
0.649724
0.486854
0.685603
0.61314
0.393036
0.681318
0.548443
0.41699
0.32071
0.0061451
0.127961
0.202816
0.42837
0.264298
-0.0107711
-0.188359
-0.291167
-0.708052
-0.640044
-0.545516
-0.751764
-0.269959
0.225181
0.300201
0.18827
0.304567
0.151472
0.364593
-0.0264029
0.0504859
-0.276594
-0.281225
-0.132533
0.124598
0.55287
0.550915
0.597858
0.69202
1.04402
1.06394
1.58203
1.6164
2.17915
1.68156
1.99707
1.43321
1.25405
0.855372
0.858753
1.02307
1.52847
1.55707
1.43684
0.919764
0.650444
0.850981
0.684922
0.108794
0.0387692
-0.029983
0.379792
0.825765
0.921882
0.445476
0.698856
1.0639
0.873562
0.666854
0.439008
0.0356073
-0.0856432
0.144065
0.380476
1.01165
1.36498
1.19252
0.775683
0.603577
0.900247
0.748373
1.14682
1.42923
1.05279
0.708162
0.334419
0.620717
-0.0682413
-0.0697456
-0.288192
-0.0661733
-0.187521
0.400912
0.0462847
0.297567
0.265861
-0.0945823
-0.174852
0.357468
0.338187
-0.397634
-0.0850424
0.594383
1.01816
0.73085
0.369988
0.457762
0.335426
0.407116
1.07103
0.867207
0.506873
0.594313
0.486876
0.737795
0.882675
0.833682
1.02845
1.03457
1.22106
1.18189
0.671332
0.816905
0.116749
0.0996379
0.122784
-0.19004
-0.20051
-0.0384663
0.501106
0.210354
0.492797
0.622011
0.739086
0.577158
0.510339
0.750106
0.197668
0.146241
-0.0409066
-0.267351
-0.187713
0.196722
-0.0393964
0.140208
-0.259651
-0.302058
-0.385083
-0.290788
-0.28952
-0.524381
-0.505201
-0.52285
-0.320992
-0.338767
-0.607883
-0.726483
-0.793341
-0.668535
-0.540346
-0.756614
-0.547464
-0.49398
-0.357415
-0.290074
-0.492913
-0.392044
-0.763752
-0.672367
-0.712953
-0.796176
-0.732776
-0.412816
-0.607587
-0.532721
-0.303398
-0.560274
-0.615636
-0.611556
-0.481834
-0.597126
-0.623585
-0.638137
-0.679103
-0.519138
-0.657752
-0.508158
-0.231822
0.136406
0.000642916
-0.239036
-0.371812
-0.194019
-0.65115
-0.58395
-0.742653
-0.697691
-0.786795
-0.6467
-0.501919
-0.272403
-0.279366
-0.623555
-0.467679
-0.303263
-0.257945
-0.327832
-0.517295
-0.325733
-0.0661938
-0.0152459
0.293148
0.601252
0.411428
0.168354
0.382872
0.389147
0.0639237
0.120487
0.23454
0.173361
0.321816
0.211832
-0.0808029
-0.258062
-0.311962
-0.193184
-0.346633
-0.236648
0.0395887
0.395306
0.339071
0.372397
0.406976
0.307553
0.36889
0.514101
0.552414
0.584386
0.765783
0.844953
0.512353
0.422207
0.355983
0.294701
0.357179
0.152156
0.420598
0.536507
0.902931
0.81748
0.683827
0.208669
0.151441
0.0269447
0.317815
0.0750587
0.214059
-0.00718431
-0.267977
-0.293069
-0.527193
-0.141817
0.419225
0.285731
0.590931
0.453864
0.249967
0.400843
-0.14062
-0.220254
-0.401061
-0.213251
0.0339491
0.0611007
0.212534
0.188935
0.329913
-0.0478494
0.0194963
-0.112142
-0.31557
-0.331645
-0.0374163
0.19257
0.350732
0.355559
0.0947392
-0.352574
-0.328792
-0.0977664
-0.0563561
0.175354
-0.265265
-0.301587
-0.449647
-0.492045
-0.501281
-0.548151
-0.512891
-0.482587
-0.484191
-0.667807
-0.664661
-0.638431
-0.507917
-0.46576
-0.182448
-0.309821
-0.3007
-0.262596
-0.250609
-0.0643954
-0.196421
-0.175912
0.00426477
-0.443042
-0.500778
-0.295812
-0.376128
-0.310159
-0.676394
-0.784171
-0.62106
-0.584339
-0.59813
-0.563321
-0.56592
-0.412518
-0.0897935
0.0589623
-0.160539
-0.0395266
-0.0974937
-0.143482
-0.240828
-0.421951
-0.394512
-0.244938
0.0136679
0.149369
0.0971703
0.153641
0.000404972
-0.276064
-0.392286
-0.145652
0.256124
0.24187
0.495461
0.494084
0.372808
0.333798
0.300384
0.0780365
0.255199
0.175975
0.149114
0.625466
0.763061
0.662288
0.56709
0.594852
0.751146
0.689303
0.590737
0.178071
0.119326
0.10536
-0.246714
-0.170735
-0.0137081
-0.212917
-0.387809
-0.360118
-0.225945
-0.190955
-0.231509
-0.326718
-0.396952
-0.390035
-0.563592
-0.519279
-0.30064
-0.120195
-0.327986
-0.60023
-0.304067
-0.386326
-0.112623
-0.0412037
0.042331
0.110303
0.356755
0.196125
-0.370206
-0.296837
-0.427657
-0.365547
-0.267214
-0.309301
-0.556368
-0.550772
-0.491704
-0.503135
-0.455861
-0.665389
-0.701767
-0.839666
-0.851765
-0.795439
-0.921144
-0.819835
-0.896839
-0.696715
-0.484356
-0.653909
-0.210971
-0.457921
-0.472892
-0.386799
-0.533084
-0.512689
-0.524951
-0.519859
-0.521865
-0.441267
-0.552199
-0.123192
0.0391757
-0.0647092
0.375734
0.233154
-0.0535117
-0.0217976
-0.098736
-0.211003
-0.457052
-0.495975
-0.549402
-0.647993
-0.75271
-0.629659
-0.619454
-0.767592
-0.639062
-0.420281
-0.297627
-0.426489
-0.136693
-0.339364
-0.197904
-0.410594
-0.400455
-0.449075
-0.301875
-0.352255
-0.0401014
-0.169033
-0.034868
-0.203111
-0.218871
-0.533632
-0.613431
-0.210293
0.425706
0.145848
0.437959
0.499905
0.268544
0.173926
-0.0962648
-0.126091
-0.242896
-0.17698
-0.364748
-0.377803
-0.0667992
-0.26719
-0.557169
-0.619534
-0.736748
-0.839507
-0.687485
-0.777556
-0.6364
-0.917653
-1.02986
-0.675331
-0.965264
-0.905141
-0.839666
-0.517563
-0.417432
-0.376219
-0.488341
-0.288832
-0.257674
0.145683
-0.0218599
0.14184
0.442856
0.249196
-0.0564633
-0.0366662
0.220233
0.390133
0.0742116
0.200158
0.0373871
-0.0929208
0.357207
0.800298
0.679584
0.81796
0.611795
0.34489
0.166491
0.222487
0.0131209
0.00812003
0.0357335
-0.220444
-0.346092
-0.556936
-0.362092
-0.774477
-0.711937
-0.781629
-0.619473
-0.643995
-0.794217
-0.797562
-0.820741
-0.681552
-0.504535
-0.553156
-0.542375
-0.41132
-0.40488
-0.296399
-0.634769
-0.659716
-0.565201
-0.341361
-0.230396
-0.329785
-0.232571
-0.189645
-0.250237
-0.0600471
0.268316
0.300783
0.399397
0.255166
0.354836
0.113614
-0.0336958
0.135029
0.448164
0.305517
0.223094
0.249207
0.113824
-0.133051
-0.202914
-0.171247
-0.393329
-0.621661
-0.702985
-0.582517
-0.581509
-0.73409
-0.671335
-1.04826
-0.829294
-0.48825
-0.294915
-0.205803
-0.132967
-0.235637
-0.108788
0.0357111
-0.207743
-0.140507
0.102494
-0.0717276
0.16883
0.393352
0.411566
-0.0817934
-0.243031
-0.311382
-0.0155685
-0.349129
-0.496676
-0.702371
-0.634626
-0.781792
-0.551688
-0.626058
-0.747871
-0.753398
-0.857293
-0.582187
-0.448358
-0.493199
-0.568432
-0.396483
-0.408713
0.0603096
-0.303716
-0.288043
-0.218099
-0.467921
-0.613129
-0.714356
-0.54537
-0.449092
-0.289569
-0.481938
-0.623874
-0.582445
-0.564418
-0.633086
-0.572742
-0.406849
-0.228753
-0.203371
-0.033952
-0.352162
-0.421835
-0.209672
0.136746
0.16079
0.127613
-0.049157
0.131153
-0.320094
-0.28194
-0.431325
-0.645827
-0.696996
-0.862436
-0.835049
-0.742575
-0.726655
-0.316302
-0.316887
-0.213528
-0.384338
-0.374349
-0.392993
-0.343715
0.107808
-0.169058
-0.360779
-0.279032
-0.132529
-0.23319
-0.221427
0.155367
0.652517
0.684819
0.503188
0.63019
0.365663
0.535557
0.926844
0.688699
0.645589
0.351898
0.0231171
0.00835077
-0.299492
-0.288868
-0.418967
-0.558211
-0.544844
-0.275477
-0.44728
-0.369482
-0.549295
-0.502516
-0.447698
-0.590213
-0.59968
-0.216943
-0.621179
-0.651648
-0.714547
-0.683441
-0.610961
-0.394031
-0.316563
0.0430897
0.106158
-0.113987
-0.277367
-0.121538
-0.289224
-0.1477
-0.0338523
-0.160231
0.041049
0.0588316
-0.0652131
-0.288586
-0.487451
-0.592278
-0.380784
0.029238
0.28195
0.200058
0.0703512
0.583032
0.674788
0.451667
0.273016
-0.0144201
-0.106578
-0.240294
-0.38746
-0.305798
-0.310896
-0.0639365
-0.132287
-0.281257
-0.381695
-0.394034
-0.322943
-0.335168
-0.031027
-0.191345
-0.154507
-0.157416
-0.426343
-0.435994
-0.231659
0.0228882
-0.0808531
-0.170419
0.00984397
-0.229776
-0.294151
-0.390785
-0.577045
-0.501842
-0.668401
-0.681357
-0.710401
-0.661554
-0.635417
-0.839201
-0.98327
-0.972686
-0.919357
-0.669305
-0.350228
-0.436826
-0.464884
-0.472762
-0.720401
-0.733267
-0.772259
-0.661809
-0.384151
-0.511814
-0.463848
-0.515579
-0.452963
-0.644521
-0.651817
-0.780191
-0.553344
-0.276333
-0.381575
-0.233365
-0.253886
-0.403658
-0.32148
-0.331538
0.0823364
-0.196123
-0.130074
-0.258951
-0.347063
-0.326045
-0.194753
-0.217876
-0.106838
0.0636133
0.520284
0.519859
0.311454
0.485551
0.415597
0.48882
0.200788
0.0732623
0.0848561
-0.118162
-0.262825
-0.239225
-0.502222
-0.711167
-0.788085
-0.876775
-0.74868
-0.88365
-0.845935
-0.745478
-0.662473
-0.736304
-0.669053
-0.589985
-0.496784
-0.620671
-0.445021
-0.211734
-0.325035
-0.306598
-0.121856
-0.0788805
-0.279842
-0.300981
-0.461381
-0.387368
-0.124827
0.0313515
-0.0472295
0.381807
0.153669
0.146205
0.224165
0.524834
0.464416
0.187675
0.249899
0.603471
0.313846
0.736824
0.868352
1.05166
0.912296
0.88626
0.805122
0.527678
0.388617
-0.0809201
0.136276
-0.154955
-0.399239
-0.250509
-0.639334
-0.534156
-0.598963
-0.989928
-0.991539
-0.706895
-0.908738
-1.05024
-0.99597
-1.08925
-1.11751
-1.03139
-1.0128
-0.953335
-0.888396
-1.05156
-0.881996
-0.838539
-0.952753
-1.02139
-0.911561
-0.95415
-0.771282
-0.415758
-0.586152
-0.681173
-0.62016
-0.621684
-0.361723
-0.196659
0.268079
0.180693
0.547368
0.621858
0.737977
0.436232
-0.13855
-0.256568
-0.382484
-0.408485
-0.365117
-0.473267
-0.500527
-0.240214
0.0566854
0.146318
0.567965
0.685501
0.432409
0.0228701
0.202577
0.339548
0.330889
0.432887
0.572222
0.246575
0.151036
0.0810511
-0.315429
-0.126527
-0.119042
0.269922
0.532716
0.321942
0.578638
0.314055
-0.0379398
0.0828763
-0.204718
-0.135813
0.0130479
-0.285947
-0.234752
-0.508544
-0.660289
-0.697251
-0.663462
-0.57621
-0.754453
-0.712949
-0.805555
-0.745396
-0.658165
-0.463089
-0.630582
-0.460091
-0.3145
-0.233866
0.165589
0.107503
0.46989
0.474133
0.181107
0.326401
-0.0230255
0.0634513
-0.24633
-0.0942989
-0.318226
-0.247481
-0.0187331
0.354353
0.344534
0.257796
-0.045888
0.16154
0.223854
0.102991
-0.0683699
-0.0185641
-0.111487
-0.221676
-0.375972
-0.23057
-0.269502
-0.410766
-0.289138
0.0991487
-0.156028
-0.131299
-0.296971
-0.39904
-0.461216
-0.295301
-0.400196
-0.192923
0.123772
-0.171735
-0.196477
0.142041
0.211964
0.131934
-0.219097
-0.0654773
0.00854713
0.0208413
-0.294129
-0.321897
-0.431271
-0.404771
-0.381556
-0.448089
-0.289098
0.0760346
-0.195954
-0.118786
0.0592303
-0.00398128
0.00689129
-0.0536653
0.132696
0.152602
0.254003
0.252089
-0.07021
-0.157579
0.0379543
0.141787
-0.0571106
-0.0676151
-0.356291
-0.201619
-0.397094
-0.355276
-0.130601
-0.0536529
0.0839473
0.587383
0.488566
0.25978
0.235976
0.275056
0.198054
0.558573
0.478659
0.18111
-0.123268
-0.2667
-0.237872
-0.472363
-0.480633
-0.46102
-0.320338
-0.2529
-0.0430365
0.212415
0.339533
0.0458856
-0.166425
-0.172763
-0.139348
-0.0681378
-0.0255118
-0.103155
0.0913103
0.158673
-0.119021
0.0955164
0.0379705
0.0346986
-0.0893501
-0.250877
-0.130044
0.183767
0.745796
1.2661
1.70671
1.69974
1.16103
0.655355
0.577325
0.814003
1.24189
0.835807
0.747504
0.985557
0.514034
0.717167
0.526489
0.347773
0.40759
0.111688
-0.14344
0.0298682
0.405624
0.277343
0.503276
0.477537
0.483263
0.565469
0.958451
0.882324
0.466138
0.410033
0.187999
-0.284488
-0.146891
-0.335009
-0.618996
-0.619747
-0.579257
-0.341906
-0.069764
-0.470125
-0.619379
-0.617843
-0.507181
-0.107925
-0.480461
-0.832841
-0.681327
-0.481627
-0.839729
-0.745889
-0.434504
-0.800686
-0.837485
-0.672252
-0.615391
-0.495455
-0.165835
-0.226115
-0.0383876
0.332967
0.556077
0.187534
0.232456
-0.17243
-0.14342
-0.257093
-0.23137
-0.270021
-0.282034
-0.313218
-0.138253
-0.321273
0.0696116
0.447705
-0.00238738
0.136894
0.275815
0.392723
0.384412
0.730255
0.561902
0.337855
0.113129
0.530279
0.803274
0.560516
0.32874
0.0277283
0.0170096
0.108748
-0.160404
0.0645695
0.316204
0.564231
0.474707
0.755083
1.0837
1.10978
0.978139
0.840024
1.19068
0.890012
1.14099
1.00952
1.06787
0.91171
0.537595
0.799402
0.494291
0.648744
0.607309
0.0535677
0.178092
0.545285
0.360819
0.382852
0.753379
0.899238
0.778913
0.719512
0.898629
0.536766
0.245852
-0.156345
-0.0576165
0.0618981
-0.193577
0.16538
0.0801324
-0.263989
-0.162837
0.231428
-0.349401
-0.468986
-0.57658
-0.669507
-0.535058
-0.108455
-0.253336
-0.155511
-0.615715
-0.537764
-0.465306
-0.578799
-0.752556
-0.864881
-0.902159
-0.74712
-0.465389
-0.437682
-0.377273
-0.623038
-0.750056
-0.565243
-0.759157
-0.506194
-0.123641
-0.333567
0.0452825
-0.0443389
0.0118979
-0.177933
-0.462821
-0.438321
-0.360059
-0.559711
-0.63945
-0.622623
-0.407929
-0.395856
-0.320437
-0.366978
-0.347791
-0.0614249
0.0924515
-0.0948254
0.123583
0.222813
0.194236
0.0663247
0.0679387
-0.209284
0.0652328
0.0680658
0.265928
0.0206079
0.227428
0.15422
0.200134
-0.0037698
0.0842058
-0.237245
-0.440825
-0.435668
-0.547836
-0.48057
-0.525439
-0.598623
-0.444264
-0.581614
-0.607325
-0.697857
-0.538333
-0.163319
0.0471464
0.0440817
0.0669198
-0.0449401
0.0424494
-0.151423
-0.254048
-0.130644
0.227676
1.03305
1.20928
0.843986
0.51565
0.17326
0.0751745
0.209373
0.0400341
0.119868
-0.285097
-0.385624
-0.624106
-0.546671
-0.691182
-0.614119
-0.678105
-0.578843
-0.67604
-0.486575
-0.615507
-0.502032
-0.505526
-0.469867
-0.467999
-0.515547
-0.424067
-0.208215
-0.28438
-0.284549
-0.515087
-0.482032
-0.461309
-0.32743
-0.457747
-0.411444
-0.480887
-0.313353
-0.371039
-0.400821
-0.345404
-0.331134
-0.349927
-0.166299
-0.161882
-0.10413
-0.215158
-0.162791
-0.0892138
-0.10388
-0.244857
-0.336849
-0.305607
0.00395865
0.619445
0.348082
0.594329
0.533402
0.282387
0.313996
0.234161
0.239444
-0.0571679
-0.218803
-0.014554
0.185839
-0.00184273
-0.122595
0.138457
-0.0943081
-0.0333147
0.0881056
-0.0617839
-0.0934311
-0.0113571
-0.0821821
0.238845
0.163782
0.200744
0.16112
0.206765
0.0518236
-0.0557083
-0.0470979
-0.086242
-0.227955
-0.14462
-0.111456
-0.0502943
0.00788397
0.0122244
0.176688
0.300205
0.367333
0.420335
-0.0615949
-0.142548
-0.428888
-0.518306
-0.417022
-0.40687
-0.632681
-0.542939
-0.686157
-0.534129
-0.743277
-0.808756
-0.759258
-0.810516
-0.577052
-0.625492
-0.487882
-0.351804
-0.338117
-0.515932
-0.461151
-0.863838
-0.856417
-1.04738
-0.887147
-0.976529
-0.551212
-0.656377
-0.534454
-0.573672
-0.659191
-0.519039
-0.444566
-0.474955
-0.474347
-0.183736
-0.180167
-0.0572024
-0.260613
-0.421358
-0.373893
-0.469002
-0.340525
-0.315819
-0.407646
-0.323533
-0.36732
-0.242294
-0.291736
-0.189619
-0.279081
-0.187575
-0.336706
-0.584966
-0.534499
-0.428523
-0.234058
-0.233384
-0.242988
-0.237797
-0.450332
-0.356625
-0.343005
-0.321685
-0.463611
-0.531556
-0.658121
-0.733958
-0.865199
-0.778408
-0.748131
-0.932166
-0.860974
-0.838481
-0.82872
-0.829507
-0.478764
-0.851711
-0.578105
-0.559061
-0.455441
-0.345215
-0.296218
-0.30827
-0.434484
-0.436499
-0.261064
-0.5091
-0.429484
-0.345891
-0.203031
0.141023
0.0658745
0.0813595
0.0591756
0.0671577
-0.12759
-0.157889
-0.227201
-0.166667
-0.136977
-0.180524
-0.0863211
-0.158907
-0.138382
-0.149667
-0.119041
0.0195422
0.185586
-0.0501058
0.0211223
0.0857975
-0.135972
-0.0179824
-0.31303
-0.469511
-0.422869
-0.426601
-0.351102
-0.436725
-0.426768
-0.395642
-0.413532
-0.500626
-0.477434
-0.456017
-0.50123
-0.443815
-0.365821
-0.538569
-0.268854
0.239633
0.105061
-0.073148
-0.212735
-0.290796
-0.353096
-0.49384
-0.473678
-0.422823
-0.356672
-0.578833
-0.666217
-0.59951
-0.444925
-0.489758
-0.505983
-0.44787
-0.415487
-0.565356
-0.510175
-0.433745
-0.371732
-0.558552
-0.306921
-0.324863
-0.338102
-0.358137
-0.324655
-0.0441897
-0.257778
-0.0323235
-0.0952941
-0.149153
-0.187142
0.05811
-0.121185
-0.189569
-0.159773
-0.367776
-0.380062
-0.502198
-0.485181
-0.453636
-0.632118
-0.604186
-0.568832
-0.530168
-0.576544
-0.577393
-0.528652
-0.448011
-0.403271
-0.449041
-0.417086
-0.355265
-0.377078
-0.401598
-0.298225
-0.179228
0.196385
0.142625
-0.0946833
-0.103645
-0.0501172
0.328599
0.336568
0.289889
0.0240632
0.0782585
0.0929259
0.00088185
-0.0175926
-0.057312
-0.173126
-0.305982
-0.310039
-0.0950087
-0.19883
-0.196606
-0.0946431
-0.392665
-0.503316
-0.492949
-0.481243
-0.506104
-0.549972
-0.574365
-0.562299
-0.442079
-0.452081
-0.381745
-0.38212
-0.506067
-0.505122
-0.561412
-0.671058
-0.707422
-0.690303
-0.856467
-0.780143
-0.68042
-0.729076
-0.77184
-0.71344
-0.723298
-0.75329
-0.732607
-0.719611
-0.651767
-0.77523
-0.593706
-0.604823
-0.378057
-0.355534
-0.576762
-0.412085
-0.421093
-0.449203
-0.436786
-0.518166
-0.554186
-0.501803
-0.512535
-0.35639
-0.319971
-0.320993
-0.235155
-0.062952
-0.291452
-0.200867
-0.236003
-0.406409
-0.338754
-0.395979
-0.327849
-0.615137
-0.505327
-0.738765
-0.627856
-0.539864
-0.418791
-0.434266
-0.499964
-0.643942
-0.707536
-0.735034
-0.702474
-0.477843
-0.668513
-0.855201
-0.653878
-0.605884
-0.662592
-0.602457
-0.545253
-0.522505
-0.546704
-0.365988
-0.531269
-0.700571
-0.732855
-0.914201
-0.974512
-1.00689
-0.790971
-0.927756
-1.11173
-0.781088
-1.12992
-0.946861
-0.946642
-1.19498
-1.22177
-1.11436
-0.872887
-1.15662
-0.681077
-0.280248
-0.280813
-0.0472601
0.655067
1.34097
0.955042
1.0561
1.47359
1.15152
0.802813
0.681586
0.398377
0.0987893
0.0696588
0.181904
0.244364
0.240847
-0.105424
-0.308647
0.0949473
0.33851
0.591322
0.468768
0.173217
0.0682221
0.0526459
0.0339719
-0.43976
-0.349497
-0.153595
-0.0252508
-0.0404204
0.017579
0.321847
0.2342
0.39896
0.881573
1.17046
0.715608
0.906215
0.843321
0.637483
0.955379
0.653139
0.387806
0.330281
0.753195
0.613669
0.267174
0.342688
0.106799
0.144557
-0.0299145
-0.351396
-0.349642
-0.165292
0.051331
0.0911298
0.372835
0.269871
0.0189806
-0.00595842
0.146347
0.0819202
0.212299
0.252576
-0.062752
-0.17836
-0.146017
-0.336055
-0.615812
-0.763771
-0.709721
-0.427513
-0.556684
-0.509845
-0.370424
-0.575545
-0.439401
-0.502118
-0.408162
-0.251281
0.116284
-0.192562
0.0153751
-0.239722
-0.372111
-0.336582
-0.589012
-0.537032
-0.634985
-0.628944
-0.59745
-0.467913
-0.535635
-0.465961
-0.364178
-0.228967
-0.2727
-0.0715106
-0.0497787
0.29354
0.223612
0.380439
0.211908
0.150883
0.0794232
0.170412
-0.02733
-0.22471
-0.447395
-0.508702
-0.214396
-0.472995
-0.48167
-0.415142
-0.523347
-0.579075
-0.438528
-0.393179
-0.410853
-0.510269
-0.776212
-0.5961
-0.329742
-0.151995
-0.296476
-0.218477
-0.373982
-0.481262
-0.554067
-0.638374
-0.602145
-0.458429
-0.205074
-0.0965146
-0.233069
0.00499881
-0.204235
-0.300659
-0.34954
-0.452046
-0.447904
-0.360929
-0.478604
-0.714309
-0.659557
-0.840947
-0.636383
-0.609714
-0.517304
-0.40757
-0.309486
-0.248023
-0.298494
-0.413506
-0.392396
-0.538337
-0.51679
-0.30357
-0.485108
-0.431461
-0.652091
-0.585972
-0.478743
-0.428451
-0.309765
-0.380649
-0.365967
-0.453034
-0.41634
-0.398711
-0.132841
-0.00784119
-0.0473809
0.266639
0.968623
1.19834
0.878159
0.893375
0.435874
0.431166
0.650384
0.571154
0.589722
0.730941
1.18812
0.858558
1.02843
0.99986
0.68339
0.435386
0.131249
0.244181
0.0710985
0.0989259
-0.453735
-0.302643
0.130584
0.549342
0.516862
0.590261
0.345893
0.310573
0.66752
0.92461
0.780968
0.824525
0.444181
0.43331
-0.0795411
-0.0247716
-0.119891
0.150817
0.86967
0.838859
1.13294
0.962487
0.830126
0.645657
0.618453
0.912968
1.11122
1.02326
1.14674
1.28084
1.44905
1.70322
1.01314
0.75403
0.678658
0.424459
0.51752
1.01709
0.423899
0.227306
-0.0511751
-0.18836
-0.321881
-0.30733
-0.0892942
-0.409233
-0.419487
-0.44486
-0.603787
-0.114135
-0.172485
-0.141925
-0.348813
-0.113483
0.0181647
-0.337816
-0.61489
-0.56283
-0.759007
-0.865292
-0.644291
-0.259112
-0.297709
-0.20347
-0.547277
-0.617128
-0.411809
-0.731463
-0.746597
-0.775703
-0.589581
-0.777065
-0.790929
-0.727385
-0.672163
-0.545431
-0.705161
-0.536364
-0.438743
-0.183224
0.0286357
0.115856
-0.250802
-0.343015
-0.53657
-0.443369
-0.558216
-0.680863
-0.669964
-0.423497
-0.397824
0.206555
0.195449
0.00220077
0.097439
-0.0249315
-0.126807
-0.455875
-0.462105
-0.492585
-0.526039
-0.640013
-0.589321
-0.380919
-0.489747
-0.427203
-0.62109
-0.594519
-0.598759
-0.47733
-0.491275
-0.458528
-0.717714
-0.592948
-0.512172
-0.617517
-0.650509
-0.550348
-0.266937
-0.169346
-0.438294
-0.165557
0.295428
0.268068
0.298419
0.293959
0.800925
0.549821
0.382658
0.14971
0.282264
0.367763
0.098252
0.183462
0.431819
0.341761
0.490379
0.555984
0.47439
0.665907
0.699248
0.255648
0.0103086
-0.144742
-0.395932
-0.542087
-0.511238
-0.440087
-0.568913
-0.516716
-0.441837
-0.763097
-0.717322
-1.02024
-0.890322
-0.700776
-0.314811
-0.278067
-0.363805
-0.444036
-0.695948
-0.693336
-0.961012
-0.850767
-0.59467
-0.581394
-0.728961
-0.75367
-0.866362
-0.816914
-0.57649
-0.301
-0.39395
-0.222659
-0.26804
-0.42552
-0.518638
-0.307668
-0.50101
-0.40211
-0.25037
0.10147
0.286377
0.55734
1.06464
0.720384
0.692966
0.280256
0.421685
0.641561
0.505536
1.02848
0.905467
0.578172
0.288683
0.433564
0.214819
0.363657
0.851878
0.566998
0.573857
0.409226
0.0968115
0.0825283
0.212668
0.0193011
-0.324466
-0.364343
-0.385839
-0.356348
-0.548935
-0.622217
-0.556938
-0.417678
-0.499527
-0.51463
-0.47279
-0.303536
-0.23857
0.00405503
-0.150959
-0.0802524
0.0305965
-0.0359099
0.326945
0.664661
0.46067
0.162933
0.287097
0.583659
0.346231
0.167637
-0.104663
-0.0481554
-0.327824
-0.282831
-0.331856
-0.167131
-0.366642
-0.234388
-0.318791
-0.358766
-0.452556
-0.626309
-0.600764
-0.672861
-0.485846
-0.75395
-0.86768
-0.801005
-0.756632
-0.841975
-0.844883
-0.725576
-0.752138
-0.715438
-0.666216
-0.855369
-0.836861
-0.756215
-0.564778
-0.460491
-0.464113
-0.684232
-0.718064
-0.825923
-0.564006
-0.236137
-0.0398005
-0.226152
-0.238491
-0.508277
-0.397339
-0.33003
-0.364067
-0.602536
-0.584816
-0.798199
-0.784849
-0.709623
-0.804472
-0.949943
-0.952334
-0.85243
-1.00679
-0.877319
-0.626101
-0.58413
-0.793952
-0.439128
-0.521636
-0.405485
-0.495423
-0.667265
-0.499021
-0.702813
-0.596776
-0.579096
-0.835166
-0.919647
-0.810452
-0.755727
-0.655188
-0.191747
0.287473
0.0288818
0.0364709
0.059203
0.481064
0.315697
0.0133441
-0.282762
-0.387356
-0.191048
-0.399539
-0.436304
-0.640684
-0.550839
-0.584351
-0.460274
-0.567328
-0.355874
0.252953
1.01323
1.35694
1.36579
1.77834
1.71251
1.17683
1.50301
0.999279
1.40365
1.7213
2.40555
1.87897
2.32113
2.88881
2.41389
3.01217
2.45701
2.55727
2.30064
2.39161
2.47342
1.60035
1.53387
0.909914
1.35865
0.837091
1.22372
1.71123
1.31605
1.58581
0.697897
0.757926
0.186577
-0.169463
0.33163
-0.0450336
0.480098
0.487975
0.0560779
0.608205
1.12152
0.699352
0.655306
0.38119
0.00537111
0.301144
-0.253076
0.228514
0.802546
0.667732
0.424867
0.532628
0.317158
-0.0779171
0.0662533
0.568537
0.827253
0.537052
0.571803
-0.0231417
0.276269
-0.128478
0.0103835
-0.00346191
-0.207358
-0.644517
-0.572914
-0.66796
-0.675168
-0.701239
-1.13562
-0.373314
-0.884356
-1.16933
-0.737911
0.295138
1.52114
1.23292
0.994623
0.595534
0.586911
0.507015
0.55507
0.355692
0.413836
0.888816
0.712661
1.06232
0.743317
0.446541
0.261443
0.210812
-0.129301
0.139257
-0.0563965
0.118775
-0.1198
0.170495
-0.124652
-0.394446
-0.297125
-0.327967
-0.572758
-0.587173
-0.586246
-0.123017
0.0694946
-0.121122
0.0564885
-0.278007
-0.135499
-0.335223
-0.527193
-0.589881
-0.683885
-0.918035
-0.897569
-0.850296
-0.349507
-0.779725
-0.664141
-0.626792
-0.719703
-0.737718
-0.541851
-0.587644
-0.563852
-0.860446
-0.817922
-1.14506
-1.10279
-1.24989
-0.883788
-0.867799
-0.458857
0.664164
0.809615
1.19687
0.842064
1.0189
0.919256
0.591453
0.436707
0.457455
0.587067
0.733202
0.834204
0.671256
0.997505
0.860368
0.561879
0.164582
0.258122
0.044968
-0.1083
0.225713
-0.0971482
0.331027
-0.0583896
-0.265735
-0.32249
-0.732243
-0.397728
-0.17244
-0.144996
-0.0436896
0.337119
0.212257
0.224504
0.030814
0.0646396
0.487535
0.684758
1.20187
0.931957
1.00601
0.76817
0.522736
0.221069
-0.291746
-0.183006
-0.541029
-0.439782
-0.549868
-0.0938006
-0.354577
-0.693589
-0.329017
0.0153601
-0.0811055
0.0828536
0.0132993
-0.402477
-0.324579
-0.389582
-0.173789
-0.465886
-0.545616
-0.463814
-0.711033
-0.591478
-0.582373
-0.250865
-0.258582
-0.227272
-0.02344
-0.400684
-0.422295
-0.555373
-0.409522
-0.281304
-0.23159
-0.265471
-0.339715
-0.617771
-0.510155
-0.510537
-0.490626
-0.0171206
-0.199335
-0.227143
-0.621093
-0.724201
-0.460635
-0.478653
-0.580766
-0.420929
-0.157085
-0.28186
-0.678643
-0.647264
-0.478267
-0.563508
-0.154839
0.51967
0.384816
0.777724
0.435079
0.0837295
0.089389
-0.223222
-0.303843
-0.489058
-0.463307
-0.462478
-0.469766
-0.604764
-0.550816
-0.502328
-0.341788
-0.254453
-0.0347325
-0.0305477
-0.0369982
0.566987
0.673209
0.181731
0.369464
0.592058
0.790141
0.388743
0.486822
0.143071
0.0105692
-0.289315
-0.295442
-0.474129
-0.443642
-0.32625
0.0855932
0.149713
-0.0542772
0.152359
0.253083
0.166071
-0.254782
-0.251467
-0.18383
-0.218329
-0.332932
-0.781566
-0.693751
-0.668584
-0.727301
-0.961082
-0.902573
-0.925974
-0.621968
-0.954102
-1.01013
-0.683486
-0.330019
-0.514109
-0.146826
-0.436547
-0.485369
-0.476311
-0.441233
-0.624809
-0.371856
-0.378552
-0.15673
-0.140233
-0.338596
-0.458856
-0.0801789
0.251562
0.680783
0.44786
0.0704639
0.104458
0.288577
0.333591
0.0566918
0.0774769
-0.183453
-0.142686
-0.236674
-0.234268
-0.294665
-0.269713
-0.288977
-0.136233
-0.378755
-0.341265
-0.353482
-0.28657
-0.39662
-0.440135
-0.501752
-0.411668
-0.202985
-0.130833
0.255514
-0.0821876
-0.223996
-0.160314
-0.343019
-0.438028
-0.473198
-0.457122
-0.445031
-0.515853
-0.713877
-0.640379
-0.663181
-0.288905
-0.567138
-0.653157
-0.507563
-0.511166
-0.347749
-0.0251805
0.359174
0.0146121
-0.224362
-0.250032
-0.554911
-0.602106
-0.417731
-0.369394
-0.452807
-0.277379
-0.193493
-0.411966
-0.236158
-0.39437
-0.410472
-0.373567
-0.400706
-0.45132
-0.533963
-0.562003
-0.567637
-0.25964
0.0566044
0.0291732
-0.135043
-0.358517
-0.367646
-0.391233
-0.174674
-0.408826
-0.541323
-0.478021
-0.475239
-0.555079
-0.516926
-0.40561
-0.337293
-0.173279
0.0152028
-0.0763094
0.0706332
-0.181684
-0.0866223
0.210964
0.528882
0.491052
0.286594
-0.0239939
-0.0883904
0.128581
0.574237
0.499602
0.681877
0.425687
0.647141
0.378131
0.23131
-0.0179349
0.00965326
0.142236
0.165505
0.161194
-0.264558
-0.488908
-0.513195
-0.762531
-0.835782
-0.879714
-0.749339
-0.922191
-0.866446
-0.540395
-0.824669
-0.867452
-0.853862
-0.900428
-1.02539
-1.14512
-1.2266
-1.16628
-0.844971
-0.477429
-0.43112
-0.621639
-0.569525
-0.651634
-0.555839
-0.63623
-0.531194
-0.427722
-0.43092
-0.216723
0.433857
0.225501
0.637416
0.787178
0.470017
0.60115
0.414085
-0.0798401
-0.139032
0.0324725
-0.16069
0.0733884
0.256811
-0.0903117
0.174445
0.410472
0.605346
0.248909
-0.00197158
-0.0619972
-0.445709
-0.415315
-0.443361
-0.342994
-0.205037
-0.353183
-0.150615
0.371915
0.333602
0.359086
0.343497
0.0934041
0.0926833
0.382863
0.383555
0.70945
0.806065
0.936099
1.12896
0.97563
1.03332
0.974376
1.02457
0.619119
0.235274
0.0551501
0.142292
0.673623
0.497379
0.491112
0.339177
0.11056
0.570717
0.887266
0.87246
0.50076
0.507873
0.85308
0.846387
0.949306
1.11428
0.841637
0.377077
0.425845
0.730671
0.355806
0.428247
0.686097
1.11633
1.14694
0.655075
0.674358
0.807485
0.849047
0.480505
0.0363421
-0.232585
-0.547352
-0.391472
-0.52952
0.00771354
-0.367755
-0.441573
-0.515775
-0.847011
-0.372912
0.118839
0.0508853
-0.0849716
0.252474
0.440699
0.254453
0.344952
0.677025
0.690658
0.447831
0.626238
0.575861
0.178828
0.2212
0.658554
1.0568
0.956359
1.29579
1.1469
0.934587
1.41072
1.17234
1.04866
0.725444
1.25783
1.27278
1.55432
1.36135
1.41102
1.29221
0.816101
0.850335
0.77744
1.37503
1.30726
1.17671
0.802283
0.802342
0.617781
0.39176
-0.17202
-0.0189579
0.264619
-0.0535013
0.348992
0.240505
0.0360824
0.409788
0.889912
1.32994
1.66108
1.53289
1.27666
1.57531
1.42124
0.957718
0.875351
0.767531
0.141214
0.335904
0.724385
0.649068
0.748639
0.475605
0.345799
0.272738
-0.0889482
-0.0226183
0.266616
0.408871
0.446778
0.497108
0.0809663
0.418166
-0.158458
-0.256009
-0.450407
-0.150397
-0.122123
0.342479
-0.14315
-0.340939
