-0.0146686
0.00245037
-0.081018
-0.10228
-0.177913
-0.223088
-0.325957
-0.362945
-0.41397
-0.411845
-0.489104
-0.44573
-0.459051
-0.445832
-0.277304
-0.294761
-0.308809
-0.381192
-0.465514
-0.630755
-0.727778
-0.821136
-0.906235
-1.02435
-0.901175
-0.723054
-0.606045
-0.745619
-0.932937
-1.01995
-1.08624
-1.26441
-1.308
-1.29384
-1.20205
0.160071
0.614148
0.460278
0.473477
0.591352
0.666376
0.443593
0.433234
0.229102
0.0750677
0.331974
0.513917
0.310041
0.201494
0.235346
0.0237196
0.145321
-0.156149
-0.256166
-0.424021
-0.483742
-0.389322
-0.355917
-0.490164
-0.612817
-0.410739
-0.721589
-0.900775
-1.11462
-1.32855
-1.3576
-1.24291
-1.32206
-1.05396
-1.42566
-1.65769
-1.80445
-1.19809
-1.4667
-1.46507
-1.1406
-1.48812
-1.61636
-1.21732
-0.997142
-1.03138
-1.16286
-1.34057
-1.55944
-1.5663
-1.55113
-1.13912
-0.747218
-1.02348
-1.02674
-0.949154
-1.19589
-0.959895
-1.25977
-1.31106
-1.35113
-1.10857
-0.845837
-0.992486
-0.975592
-1.2518
-1.18751
-1.41352
-1.37665
-1.02822
-0.418835
0.0163654
-0.310366
-0.301574
-0.0186634
-0.322826
-0.506573
-0.733749
-0.788897
-0.540863
-0.265012
-0.36135
-0.241059
-0.156219
0.0596883
-0.286926
-0.361823
-0.337298
-0.60104
-0.772816
-0.755548
-1.04784
-0.666948
-0.324774
-0.328475
-0.736491
-0.876027
-0.962207
-1.00372
-0.965084
-0.870405
-0.615812
-0.362413
-0.048855
0.129364
0.533992
0.740696
0.462098
0.531439
0.38379
0.457674
0.787638
0.501819
0.336867
0.580688
0.827962
0.693852
0.615358
0.75516
0.799467
0.66988
0.275355
0.160043
0.123797
-0.224392
-0.1137
-0.328311
0.123621
0.506594
0.129513
0.150282
-0.0106978
-0.223766
-0.118994
-0.0736109
0.0970307
0.115929
-0.160685
-0.231234
-0.461161
-0.512517
0.0787231
-0.461539
-0.599215
-0.48723
-0.602831
-0.616672
-0.60672
-0.744876
-0.925392
-0.655208
-1.025
-1.05781
-1.04969
-0.856985
-1.15671
-0.865937
-1.2023
-1.12211
-0.944652
-1.00526
-0.696296
-0.522869
-0.647104
-0.123874
0.347806
0.197054
-0.0343973
-0.0531622
-0.0920539
-0.390143
-0.481505
-0.333776
-0.131564
0.27209
0.18202
0.283378
0.298582
0.640953
0.660546
0.757274
0.936265
0.496102
0.488644
0.58632
0.514156
0.624797
0.566621
0.80406
0.613202
0.843542
0.789824
0.278509
0.221101
-0.039654
0.0474756
0.262049
0.0146148
-0.355923
-0.333954
0.139347
0.591153
0.350673
0.382832
0.527135
0.656856
0.467206
0.399322
0.297018
-0.0123729
-0.229856
-0.17802
0.000177423
-0.0310885
0.0555144
0.122374
0.289902
0.612762
0.570961
0.704424
0.475942
0.298583
0.362796
0.385343
0.629381
0.752286
1.01487
1.01298
1.07747
0.700921
0.531745
0.705592
0.385196
0.232485
0.397889
0.164862
-0.0719876
0.406554
0.721682
0.698509
0.51075
0.50391
0.357482
0.154009
-0.0692514
-0.00440558
-0.0798154
-0.214219
-0.272471
-0.141941
-0.209704
-0.507973
-0.765061
-0.623533
-0.0472643
0.288034
0.234961
0.193584
0.197091
0.495013
0.584664
0.873758
0.361172
0.441331
0.382197
0.537872
0.873132
0.46956
0.793826
0.553977
0.147301
0.149093
0.260844
0.272618
0.345274
0.557362
-0.0490049
-0.137318
-0.278757
-0.347909
-0.422612
-0.400492
-0.261483
-0.0973979
0.243465
0.230542
0.329651
-0.163967
-0.209822
-0.539544
-0.571194
-0.531277
-0.552362
-0.612809
-0.90033
-0.911793
-0.769123
-0.267031
-0.794223
-0.906644
-0.694433
-0.49095
-0.0963327
-0.100365
-0.0466895
-0.314646
-0.37695
-0.331382
-0.705063
-0.767642
-0.8056
-0.346564
-0.0163852
-0.009152
0.187811
-0.028962
-0.15153
-0.34308
-0.339985
-0.17116
-0.104577
0.0170963
0.190334
0.675082
0.553828
0.564537
0.678289
0.56511
0.269723
0.169542
0.190885
0.255717
0.27952
0.451331
0.348575
0.274205
0.411074
0.748305
0.707896
0.579734
0.522275
0.671892
0.587018
0.694281
0.485882
0.664189
0.532894
0.613312
0.66813
0.862936
0.444756
0.181082
-0.0775642
-0.0839411
-0.365522
-0.0778757
0.274225
0.266124
0.550642
0.279259
0.0197467
0.200704
0.2197
0.533836
0.0613062
0.046051
0.418914
0.0800053
-0.125424
0.0258054
0.0982034
-0.129669
-0.122941
0.132627
0.241488
0.0526451
0.0768647
0.0325442
0.353765
0.250992
0.0700662
-0.161055
0.00805241
0.0610246
0.374049
0.773833
0.693139
0.578484
0.930842
0.791218
0.461766
1.02659
1.47851
1.44006
1.76438
1.55601
1.18205
1.33435
1.40678
1.25142
0.917179
1.68839
2.21675
1.81384
1.75296
1.88373
1.96263
2.2311
2.35689
2.47257
2.66735
2.92028
2.14236
2.51857
2.88463
2.47229
2.4403
1.98309
2.18073
2.3295
2.19157
2.38678
2.71438
1.95605
1.92031
1.49078
1.23741
1.30242
1.20446
1.68674
2.02383
1.64184
1.68696
1.90309
2.1962
1.84536
2.05699
1.95602
1.95617
2.41245
2.70558
2.38428
1.80598
1.7266
1.28156
2.06814
2.52009
2.15771
1.84134
1.90262
1.68568
1.26476
1.28523
1.20854
1.31042
1.06301
1.42623
0.851083
0.957296
1.04939
0.983036
1.00618
0.979211
0.779057
0.525101
0.710903
0.385319
0.512785
-0.0420288
-0.0640931
0.429629
0.786739
0.733328
0.982762
1.12964
1.10955
1.31252
1.16371
1.38029
1.8283
1.36153
1.35913
1.17747
0.972557
1.00161
0.828768
1.15471
1.23906
1.16413
0.894041
0.871449
0.827983
0.3694
0.87947
1.32013
1.11864
1.03572
1.27398
1.54739
1.42779
1.38639
1.45618
1.73587
1.28465
1.25933
1.33871
1.59723
1.8266
1.76331
1.61205
1.78563
1.59239
1.75986
1.16492
1.25165
0.706905
0.466089
0.741683
0.518734
0.207482
0.528444
1.43898
0.786234
0.949436
0.806523
0.5343
0.943948
1.24896
1.07674
0.929811
0.471845
0.24359
0.519824
0.779481
0.894284
0.296399
0.343553
0.543638
0.38684
0.0668246
0.748262
1.23643
0.911779
0.879317
0.718854
0.449061
0.469338
0.585466
0.201165
0.10211
0.455238
-0.153277
0.0228627
-0.180656
0.24597
0.00336982
0.288039
0.427999
0.751485
0.547925
0.72916
0.252141
0.181353
0.326257
0.451055
0.581131
0.305032
0.537701
0.364702
0.342615
-0.166089
-0.0787121
0.147401
-0.0886084
-0.189143
-0.187101
-0.391292
-0.434297
-0.632375
-0.116247
0.320279
0.454287
0.406228
0.197319
0.441398
0.800602
0.682423
0.575973
0.142082
0.147665
-0.0584105
0.0523198
0.306733
0.659876
0.652216
0.813136
0.67313
0.51347
0.661069
0.229301
0.476696
-0.0481266
-0.0239446
-0.197831
-0.500054
-0.68269
-0.0733958
-0.63591
-0.811824
-0.931792
-0.84686
-0.647249
-1.00222
-0.621483
-1.11825
-1.20684
-1.05805
-0.651257
-1.05609
-0.769807
-0.373913
-0.566921
-0.72364
-0.160596
0.285817
0.110711
-0.0494707
-0.0436342
-0.485775
-0.55079
-0.6605
-0.743677
-0.881967
-0.727907
-0.111515
0.263
0.2792
0.134783
-0.15005
-0.341838
-0.443278
-0.783483
-0.785919
-0.929617
-0.667813
-1.14672
-1.13635
-1.18046
-1.04749
-1.04799
-0.613183
-0.346874
-0.089668
-0.502819
-0.497974
-0.0534173
0.369506
0.415201
0.168932
-0.164995
-0.251878
-0.453283
-0.649443
-0.837943
-0.412539
-0.866832
-0.911114
-0.634256
-0.836414
-0.618073
-0.364072
-0.50897
-0.209086
-0.034738
0.148688
0.504628
0.435876
0.758725
0.55695
0.399927
0.38793
0.0104053
0.166682
-0.341899
-0.384499
-0.449171
-0.286561
-0.262755
-0.643335
-0.743538
-0.543152
-0.255232
-0.163991
-0.474901
-0.556578
-0.39736
-0.0912791
-0.122207
-0.441934
-0.426995
-0.289967
-0.472253
-0.370012
-0.157722
-0.269038
-0.485275
-0.576624
-0.792755
-0.722688
-0.539572
-0.281792
-0.349389
-0.6553
-0.7916
-0.867103
-1.06823
-1.19562
-1.18753
-0.981222
-0.463394
-0.900025
-1.02418
-1.04353
-1.19182
-1.36701
-1.15851
-0.749428
-1.00585
-0.857125
-0.427063
-0.630541
-0.154286
0.314492
0.605057
0.438105
0.382064
0.238043
0.392545
0.540669
0.272077
-0.0174821
0.425912
0.805378
0.695
0.708469
0.433247
0.401837
0.130677
0.17447
-0.200193
-0.377727
-0.650735
-0.856573
-0.611814
-0.279415
-0.57588
-0.605398
-0.543374
-0.870644
-0.994214
-1.08629
-0.745635
-1.21974
-1.28381
-1.32629
-1.47582
-1.71886
-1.79266
-1.49394
-1.61503
-1.91938
-1.72982
-1.38718
-1.40347
-1.59438
-1.37049
-1.30871
-1.21178
-1.46062
-1.45228
-1.22132
-1.2832
-1.54961
-1.50679
-1.22246
-1.24109
-1.55825
-1.70232
-1.26772
-1.71469
-1.07866
-0.559986
-0.623222
-0.873266
-0.844309
-0.887963
-1.06581
-0.371448
0.143735
0.00372948
-0.0963218
0.229393
0.192224
0.532545
0.724334
1.07025
1.28458
0.74415
0.715331
0.443633
0.641094
0.767164
0.699806
0.772177
0.993738
1.31429
1.06606
1.06149
0.910914
1.04219
0.609037
0.733576
0.95332
0.53052
0.768759
1.14269
1.14136
0.895702
1.00344
0.56199
0.367228
0.504375
0.0580449
-0.0272995
-0.169099
-0.252574
-0.00902049
0.230402
0.323575
0.493165
0.350464
0.629309
0.931583
0.923242
0.85851
0.804283
0.857531
0.383856
0.161613
-0.0894595
0.00580689
-0.388358
-0.50853
0.141078
0.546188
0.390295
0.175673
0.479995
0.100548
-0.086564
-0.404208
-0.40578
-0.304216
-0.291878
-0.0107846
-0.462876
-0.36582
-0.591547
-0.601427
-0.538259
-0.695647
-0.0252196
0.457719
0.44951
0.425671
0.402769
0.132842
0.191583
0.394069
0.346185
0.379278
0.529752
0.377495
0.485913
0.237716
0.37658
0.577317
0.0966236
0.0163897
-0.141493
0.0332089
-0.203273
-0.383146
-0.380596
-0.734422
-0.757188
-0.922881
-1.00695
-0.600273
-1.1187
-1.05657
-0.822122
-0.23581
-0.710916
-0.598546
-0.735965
-0.757532
-0.695854
-0.755752
-0.263457
-0.766923
-0.798495
-0.765489
-0.938061
-1.00241
-0.972928
-1.22935
-1.07999
-1.13268
-0.934943
-0.453399
-0.738406
-0.857352
-0.953189
-1.1133
-1.13181
-1.06401
-1.09992
-1.13321
-0.99725
-1.2419
-0.665017
-1.19309
-1.38772
-1.20023
-0.954353
-1.10848
-0.792054
-0.500243
-0.342677
-0.0391437
-0.0010983
-0.322127
-0.456699
-0.289384
0.0479561
-0.183531
-0.0213524
-0.12503
0.134574
-0.176018
-0.523494
-0.654703
-0.699527
-0.737651
-0.868933
-0.934107
-1.19513
-1.29055
-1.28399
-1.07266
-1.30623
-1.35254
-1.26942
-1.5093
-1.68854
-1.69339
-1.70878
-1.82865
-1.85172
-1.79545
-1.31755
-1.75111
-1.58493
-1.87212
-1.77119
-1.68742
-1.60694
-1.40127
-1.77559
-1.49378
-1.79814
-1.42382
-1.05217
-1.02175
-1.06098
-1.25278
-1.24297
-1.39585
-0.906757
-0.368877
-0.405411
-0.839312
-0.837122
-0.921884
-0.934526
-1.07856
-1.31004
-1.26672
-1.20445
-1.43707
-1.55519
-1.28273
-1.49915
-1.68151
-0.853683
-0.292327
-0.172474
-0.163418
-0.416338
-0.328907
-0.00212386
0.013145
-0.326232
-0.168873
-0.012482
-0.237084
-0.0424129
0.262083
0.0822148
0.178651
0.372717
0.602259
0.317226
0.279872
-0.063907
-0.0984858
-0.159941
-0.407399
-0.557318
-0.5273
-0.679807
-0.968621
-0.942457
-1.17098
-1.2234
-1.27682
-1.44002
-1.31761
-1.19513
-1.02879
-0.84269
-0.868555
-0.902206
-0.799507
-0.476964
-0.477095
-0.803723
-1.00199
-0.867889
-1.06362
-1.28874
-1.41555
-1.54898
-1.45702
-1.20885
-0.882254
-0.595929
-0.728902
-0.764002
-0.827054
-0.55138
-0.614407
-0.432566
-0.329131
-0.323856
-0.581374
-0.595178
-0.312436
-0.104627
-0.17537
-0.295549
-0.456677
-0.449625
-0.234783
0.188275
0.167743
0.30324
0.391093
0.295619
0.290913
0.181633
0.334172
0.287927
0.217981
0.421638
0.266282
0.120439
0.062637
-0.267646
-0.218857
-0.107825
0.10317
-0.0414093
-0.332806
-0.465253
-0.415923
-0.867993
-0.928882
-0.768577
-0.955355
-0.389487
-0.0527483
-0.0458853
-0.14421
-0.0729581
-0.226946
0.0254696
-0.372433
-0.21776
-0.574297
-0.620953
-0.52537
-0.197701
0.183348
0.179124
0.224857
0.456713
0.752696
0.935353
1.38607
1.60325
2.07145
1.75218
2.0392
1.57092
1.40452
1.05637
1.01592
1.29208
1.60512
1.58886
1.52159
1.10885
0.883762
0.977536
0.910267
0.429921
0.257252
0.16557
0.522378
0.801271
0.90224
0.491127
0.715019
0.936774
0.755288
0.588825
0.424509
0.0745521
-0.0715268
0.0312288
0.39124
0.894473
1.17319
1.05959
0.709186
0.592061
0.775732
0.708672
1.05487
1.2833
1.01596
0.770529
0.437073
0.784888
0.253477
0.194128
-0.0562988
0.104945
0.00849876
0.384966
0.0711643
0.186598
0.172814
-0.136271
-0.0567735
0.272746
0.48064
-0.118586
0.161949
0.643574
0.970138
0.717969
0.352848
0.347737
0.216427
0.531358
0.978805
0.820471
0.498997
0.511183
0.425843
0.63623
0.73797
0.710359
0.838521
0.869536
1.02086
1.06024
0.615417
0.929895
0.336121
0.234676
0.208555
-0.0594304
-0.125745
0.176264
0.563462
0.303251
0.462281
0.559809
0.6319
0.492546
0.405099
0.705378
0.196714
0.111868
-0.0845961
-0.338879
-0.245859
0.0118043
-0.255353
-0.018414
-0.435499
-0.588547
-0.7122
-0.721178
-0.698957
-1.00659
-1.07058
-1.12379
-0.972234
-0.822388
-1.09662
-1.28109
-1.45199
-1.37223
-1.13634
-1.37787
-1.18796
-1.17824
-1.11512
-0.974999
-1.30711
-0.938156
-1.39433
-1.37173
-1.47087
-1.63099
-1.46236
-1.0749
-1.3293
-1.23613
-0.882226
-1.2097
-1.36281
-1.39908
-1.26396
-1.44165
-1.52877
-1.62642
-1.69189
-1.42997
-1.59397
-1.44054
-0.86568
-0.434159
-0.545405
-0.78964
-0.983975
-0.546932
-1.02902
-0.973208
-1.20122
-1.28458
-1.45879
-1.42815
-1.2481
-0.968403
-0.734298
-1.17586
-1.02671
-0.920482
-0.878273
-0.928481
-1.18452
-0.87655
-0.613757
-0.51477
-0.12455
0.162905
0.0120364
-0.191002
-0.00152608
0.0716481
-0.306823
-0.297039
-0.238684
-0.28404
-0.161571
-0.186051
-0.497444
-0.78316
-0.89141
-0.767199
-0.994502
-0.837861
-0.346618
-0.0762975
-0.153858
-0.126048
-0.0693188
-0.177478
-0.117535
0.0706201
0.104583
0.19282
0.383833
0.495974
0.104006
-0.0227229
-0.0977215
-0.224109
-0.103429
-0.166866
0.0567128
0.316053
0.654713
0.574172
0.509246
0.0612642
-0.0300175
-0.098062
0.138386
-0.119715
0.00202385
-0.171922
-0.463317
-0.463998
-0.784235
-0.236951
0.209191
0.104313
0.319972
0.171588
-0.0464451
0.251418
-0.211974
-0.30697
-0.502808
-0.360402
-0.216306
-0.213089
-0.0828817
-0.166871
0.00745082
-0.378569
-0.347281
-0.493464
-0.764368
-0.725313
-0.400426
-0.192876
-0.0834952
-0.0217551
-0.154771
-0.620445
-0.583744
-0.471456
-0.476188
-0.0540148
-0.535243
-0.601865
-0.78541
-0.864046
-0.970736
-1.08584
-1.13735
-1.22681
-1.15055
-1.43912
-1.53936
-1.54593
-1.41061
-1.2597
-0.915147
-1.13067
-1.16199
-1.16576
-1.10911
-0.869816
-1.02467
-1.02755
-0.520507
-1.03048
-1.10494
-0.92658
-1.00836
-0.74557
-1.16353
-1.28473
-1.23402
-1.23059
-1.31701
-1.34462
-1.33194
-0.985758
-0.660683
-0.489965
-0.76217
-0.650245
-0.764169
-0.812232
-0.887961
-1.13359
-1.14748
-0.855868
-0.565195
-0.445137
-0.503972
-0.432324
-0.556171
-0.853049
-1.03198
-0.485797
-0.175913
-0.0895735
0.131701
0.120102
-0.0116039
-0.0978267
-0.0904596
-0.302549
-0.175173
-0.226788
-0.104126
0.316073
0.416908
0.316136
0.209887
0.268931
0.410359
0.356699
0.354924
-0.0621496
-0.151664
-0.0854343
-0.453766
-0.441485
-0.327885
-0.550177
-0.788669
-0.855455
-0.753787
-0.745623
-0.842009
-1.00149
-1.15071
-1.08389
-1.3831
-1.28618
-1.04819
-0.729294
-0.86522
-1.09159
-0.836904
-0.877165
-0.633532
-0.580597
-0.532189
-0.426223
-0.0703854
-0.027964
-0.561661
-0.530796
-0.69428
-0.658387
-0.649744
-0.640885
-0.953618
-1.0061
-1.03772
-1.13943
-1.06741
-1.34602
-1.37519
-1.62493
-1.78886
-1.60117
-1.86325
-1.72727
-1.8021
-1.60208
-1.17083
-1.15397
-0.690794
-0.986739
-0.99972
-0.923517
-1.15049
-1.14554
-1.24178
-1.30633
-1.35928
-1.20713
-1.06544
-0.646818
-0.442876
-0.407473
0.00700708
-0.093887
-0.412242
-0.415426
-0.508329
-0.604197
-0.914822
-0.993723
-1.0753
-1.2437
-1.40612
-1.34022
-1.32406
-1.57863
-1.45636
-1.21995
-1.05064
-1.12587
-0.797226
-1.03248
-0.836476
-1.10521
-1.14116
-1.21729
-1.06786
-1.00792
-0.715276
-0.820643
-0.676405
-0.90787
-0.773148
-1.14043
-1.2794
-0.458961
0.120301
-0.12003
0.135863
0.206302
-0.0183463
-0.125247
-0.4015
-0.466936
-0.63427
-0.580454
-0.799326
-0.718572
-0.446031
-0.599586
-0.893019
-0.957225
-1.12363
-1.27619
-1.18218
-1.36099
-1.09626
-1.36771
-1.53024
-1.10469
-1.46471
-1.47064
-1.34565
-1.084
-0.9961
-0.950953
-1.06355
-0.854666
-0.735327
-0.34426
-0.533682
-0.310702
0.00301553
-0.1517
-0.453167
-0.385855
-0.163093
0.0257924
-0.299607
-0.21189
-0.397629
-0.400878
0.1801
0.545826
0.448066
0.565082
0.310976
0.0421296
-0.160421
-0.133287
-0.359936
-0.438312
-0.376683
-0.633012
-0.77527
-1.01971
-0.696426
-1.10861
-1.11398
-1.3038
-1.17964
-1.23459
-1.41894
-1.51359
-1.60597
-1.48753
-1.30269
-1.37299
-1.42694
-1.30103
-1.31128
-1.07402
-1.46103
-1.57327
-1.40833
-1.15909
-1.02244
-1.12924
-1.0309
-1.0162
-1.09539
-0.765845
-0.394857
-0.349676
-0.238803
-0.373934
-0.252665
-0.491346
-0.626245
-0.349691
-0.0468438
-0.208053
-0.258971
-0.243998
-0.349694
-0.591271
-0.696945
-0.623092
-0.823257
-1.0817
-1.25123
-1.22729
-1.24802
-1.43133
-1.06895
-1.4766
-1.21505
-0.964893
-0.86034
-0.831817
-0.762407
-0.869642
-0.784091
-0.605618
-0.855489
-0.734717
-0.47105
-0.626088
-0.331526
-0.140517
0.0196648
-0.43427
-0.639824
-0.719046
-0.402575
-0.745211
-0.877526
-1.11048
-1.063
-1.22235
-1.09888
-1.16038
-1.38792
-1.40767
-1.52403
-1.3156
-1.21698
-1.29332
-1.41198
-1.27162
-1.09734
-0.562284
-0.931071
-0.933405
-0.810667
-1.03933
-1.19452
-1.35237
-1.24116
-1.15592
-0.967069
-1.2096
-1.43035
-1.43243
-1.45631
-1.59282
-1.57224
-1.38481
-1.21764
-1.18532
-0.86637
-1.20531
-1.29023
-0.925898
-0.602465
-0.557648
-0.550107
-0.718766
-0.440643
-0.908948
-0.868738
-1.01093
-1.18516
-1.24484
-1.50782
-1.5727
-1.48789
-1.3217
-0.997197
-0.997351
-0.890137
-1.11187
-1.14759
-1.1664
-0.896527
-0.450402
-0.679612
-0.885082
-0.861234
-0.784986
-0.882504
-0.837847
-0.268718
0.131668
0.164989
0.00787796
0.179074
-0.0384403
0.216428
0.538109
0.333065
0.316908
0.11995
-0.210221
-0.184958
-0.504811
-0.539102
-0.690323
-0.963582
-0.922911
-0.76279
-1.00311
-0.93294
-1.22055
-1.26232
-1.22766
-1.41686
-1.34766
-0.766328
-1.18898
-1.26927
-1.39745
-1.43467
-1.34666
-1.21918
-0.986204
-0.641017
-0.560523
-0.775711
-0.959955
-0.788761
-0.982166
-0.873735
-0.750126
-0.825847
-0.658246
-0.63098
-0.724384
-0.902079
-1.13213
-1.32897
-0.948224
-0.483679
-0.24234
-0.33615
-0.22733
0.18059
0.275921
0.0699765
-0.0427455
-0.319461
-0.404315
-0.545671
-0.730432
-0.699288
-0.668307
-0.509071
-0.63131
-0.822119
-0.986964
-1.03823
-1.04088
-0.970866
-0.692239
-0.923147
-0.940811
-0.818964
-1.13053
-1.1172
-0.861535
-0.646042
-0.775506
-0.887285
-0.639807
-0.887737
-1.01297
-1.12977
-1.36359
-1.27778
-1.46958
-1.57731
-1.6281
-1.61222
-1.5559
-1.73348
-2.04423
-2.11767
-2.02933
-1.59722
-1.27669
-1.39544
-1.41359
-1.34207
-1.64305
-1.68084
-1.79749
-1.57811
-1.26326
-1.43142
-1.41296
-1.49856
-1.35432
-1.61302
-1.58562
-1.72264
-1.44554
-1.17571
-1.30494
-1.18672
-1.21868
-1.39833
-1.31308
-1.09008
-0.62253
-0.932843
-0.896152
-1.06798
-1.18172
-1.14275
-0.995779
-1.00894
-0.890358
-0.478514
-0.0419442
-0.0178471
-0.17337
-0.0244439
-0.101518
-0.000543457
-0.275606
-0.408872
-0.38157
-0.605432
-0.797043
-0.720788
-0.941159
-1.14752
-1.27585
-1.43653
-1.30875
-1.57877
-1.7013
-1.73726
-1.68748
-1.83345
-1.81992
-1.79293
-1.66305
-1.81858
-1.55164
-1.25987
-1.39246
-1.35031
-1.12766
-1.02835
-1.28983
-1.28901
-1.52082
-1.33005
-0.999618
-0.769982
-0.641669
-0.228461
-0.451362
-0.448536
-0.301966
-0.0787518
-0.0921209
-0.376128
-0.212909
0.183827
0.0446894
0.389833
0.516041
0.663074
0.519828
0.480512
0.426639
0.161696
0.15327
-0.244136
-0.0739208
-0.364693
-0.623417
-0.463764
-0.820994
-0.763789
-0.754468
-1.13169
-1.16673
-0.97683
-1.16529
-1.36271
-1.40878
-1.5687
-1.66661
-1.61993
-1.72087
-1.7298
-1.61347
-1.89353
-1.82008
-1.7826
-1.9507
-2.12651
-2.03216
-2.12771
-1.70772
-1.2795
-1.46239
-1.5861
-1.51478
-1.41494
-1.15813
-0.821161
-0.378432
-0.342396
0.00499177
0.111812
0.30312
0.208372
-0.290792
-0.423209
-0.612692
-0.722373
-0.800283
-0.997966
-1.03198
-0.725221
-0.474784
-0.241554
0.117115
0.271108
0.176549
-0.149725
-0.0400851
0.0144194
-0.0118695
0.0727753
0.208789
-0.081382
-0.190888
-0.148147
-0.495028
-0.445344
-0.358432
-0.0168899
0.203874
0.0624211
0.274357
0.109069
-0.215433
-0.136106
-0.459327
-0.42162
-0.289081
-0.587286
-0.551325
-0.787976
-0.990395
-1.09485
-1.14933
-1.05211
-1.3543
-1.40218
-1.58433
-1.61853
-1.55005
-1.28421
-1.49012
-1.27633
-1.1637
-0.835532
-0.458535
-0.40522
-0.0857732
-0.0256088
-0.307297
-0.120625
-0.460186
-0.303403
-0.587987
-0.445473
-0.703971
-0.649529
-0.329906
-0.0619155
-0.0764997
-0.0951245
-0.366637
-0.195766
-0.200858
-0.316155
-0.508368
-0.514762
-0.63356
-0.725568
-0.867854
-0.793367
-0.863702
-1.02176
-0.812135
-0.460774
-0.700351
-0.662338
-0.833425
-0.935624
-0.975019
-0.878899
-0.990352
-0.729262
-0.422592
-0.705337
-0.642667
-0.393263
-0.349065
-0.323616
-0.660283
-0.56379
-0.581494
-0.516714
-0.814189
-0.892379
-1.03683
-1.11149
-1.12386
-1.25114
-0.915432
-0.567629
-0.862007
-0.812951
-0.670872
-0.752541
-0.762159
-0.820908
-0.628337
-0.547143
-0.438864
-0.357163
-0.691389
-0.719832
-0.54169
-0.445124
-0.648402
-0.569683
-0.846359
-0.744276
-0.92417
-0.872215
-0.693317
-0.652702
-0.270188
0.141306
0.0544883
-0.174115
-0.248057
-0.227408
-0.184321
0.0995701
0.0625291
-0.173854
-0.433385
-0.641244
-0.58465
-0.864592
-0.928907
-0.939288
-0.883243
-0.837975
-0.604244
-0.359171
-0.19513
-0.466763
-0.732734
-0.808693
-0.812098
-0.792457
-0.788109
-0.823248
-0.638979
-0.486337
-0.716521
-0.531817
-0.592876
-0.591631
-0.692553
-0.840261
-0.696634
-0.178771
0.410691
0.973779
1.36343
1.45166
1.05708
0.651125
0.522788
0.797411
1.09895
0.757897
0.682652
0.905265
0.540108
0.597005
0.410082
0.24285
0.265135
0.00915783
-0.258848
-0.0428276
0.180299
0.0780899
0.234721
0.168493
0.148462
0.353812
0.661356
0.612872
0.248433
0.20495
0.0796676
-0.340968
-0.273066
-0.458079
-0.768357
-0.845801
-0.84949
-0.658016
-0.372355
-0.72744
-0.884269
-0.93711
-0.869747
-0.414364
-0.671295
-1.02038
-0.990939
-0.751771
-1.12035
-1.11821
-0.796618
-1.14796
-1.31246
-1.2544
-1.24684
-1.04096
-0.761048
-0.833164
-0.560099
-0.198606
0.0417965
-0.332335
-0.210885
-0.606658
-0.618916
-0.759187
-0.766527
-0.858067
-0.860643
-0.882615
-0.686849
-0.791909
-0.367637
0.0587516
-0.357908
-0.269913
-0.118003
-0.0220291
0.0785221
0.346115
0.22098
0.113671
-0.0235438
0.307657
0.521076
0.352123
0.204449
-0.107392
-0.160225
-0.103186
-0.349805
-0.179035
0.0577295
0.239451
0.195325
0.494909
0.772889
0.817362
0.70977
0.684433
0.954896
0.747414
0.892894
0.795415
0.848072
0.745492
0.454721
0.606827
0.331993
0.422414
0.501103
0.0609941
0.213077
0.446928
0.249646
0.325783
0.587265
0.652682
0.511007
0.46579
0.634384
0.353053
0.162129
-0.210261
-0.201498
-0.095921
-0.299192
-0.0362481
-0.104595
-0.43044
-0.403186
0.0353396
-0.475315
-0.616316
-0.770081
-0.954808
-0.754446
-0.446387
-0.634494
-0.426394
-0.919622
-0.933033
-0.851549
-0.979525
-1.18462
-1.39653
-1.49778
-1.34696
-1.10602
-1.12465
-1.00932
-1.3134
-1.49908
-1.27934
-1.52334
-1.12779
-0.680745
-0.802538
-0.490731
-0.605234
-0.517369
-0.643742
-0.95811
-0.979109
-0.861474
-1.08422
-1.25462
-1.24852
-1.13661
-1.16633
-1.14854
-1.26217
-1.10925
-0.800965
-0.619632
-0.778955
-0.564507
-0.461627
-0.506964
-0.657809
-0.527356
-0.759488
-0.55749
-0.535061
-0.324983
-0.500882
-0.350788
-0.421424
-0.361216
-0.590702
-0.384015
-0.69
-0.94205
-0.953944
-1.1613
-1.15707
-1.26586
-1.38062
-1.23334
-1.48164
-1.5463
-1.72237
-1.26296
-0.856596
-0.659996
-0.656813
-0.66179
-0.792754
-0.668797
-0.897017
-1.01956
-0.657319
-0.00661311
0.648992
0.838765
0.591379
0.300727
0.0143851
-0.0593824
0.0123119
-0.205895
-0.122615
-0.472293
-0.555228
-0.845789
-0.871552
-1.10821
-1.12155
-1.2819
-1.25186
-1.38684
-1.2313
-1.40344
-1.33473
-1.3581
-1.32752
-1.4001
-1.47468
-1.37571
-1.1374
-1.27483
-1.16847
-1.48366
-1.45568
-1.4833
-1.34745
-1.54104
-1.51486
-1.5562
-1.38363
-1.46855
-1.56235
-1.51061
-1.5393
-1.55132
-1.35573
-1.34279
-1.24337
-1.39397
-1.36176
-1.28376
-1.26189
-1.45643
-1.57071
-1.5786
-0.656389
-0.0192303
-0.246432
-0.0104562
-0.0135071
-0.266654
-0.263793
-0.309456
-0.257612
-0.53839
-0.731027
-0.59009
-0.407118
-0.592262
-0.648753
-0.381986
-0.626689
-0.584824
-0.508818
-0.654323
-0.691013
-0.619209
-0.597488
-0.326227
-0.41485
-0.384588
-0.432659
-0.383179
-0.585328
-0.703535
-0.695077
-0.770969
-0.932748
-0.905437
-0.888752
-0.87997
-0.845248
-0.787961
-0.595421
-0.477496
-0.42761
-0.124436
-0.622357
-0.626989
-0.998596
-1.12917
-1.09408
-1.04081
-1.30878
-1.16908
-1.35901
-1.15579
-1.41777
-1.52569
-1.52614
-1.60801
-1.3811
-1.47309
-1.36981
-1.24215
-1.19832
-1.40089
-1.1014
-1.5068
-1.48715
-1.79752
-1.53705
-1.48608
-1.13025
-1.277
-1.21875
-1.28598
-1.43215
-1.33024
-1.29937
-1.34604
-1.27237
-0.986911
-0.993089
-0.828734
-0.98739
-1.21931
-1.1951
-1.33186
-1.224
-1.21857
-1.3486
-1.24503
-1.31409
-1.207
-1.28194
-1.14387
-1.21546
-1.04956
-1.103
-1.46511
-1.42131
-1.22706
-1.04118
-1.08796
-1.15398
-1.1056
-1.38699
-1.36281
-1.38278
-1.35938
-1.53306
-1.55395
-1.67602
-1.69039
-1.98822
-1.92202
-1.79113
-2.0659
-2.02029
-2.05253
-2.06972
-2.08935
-1.25675
-1.5981
-1.34222
-1.37468
-1.23255
-1.17462
-1.13201
-1.20327
-1.32786
-1.32607
-1.06974
-1.34566
-1.26623
-1.19495
-0.899364
-0.537931
-0.648155
-0.653789
-0.676892
-0.65001
-0.902311
-0.932826
-1.04563
-1.01103
-1.00869
-1.07736
-0.993469
-1.12611
-1.19227
-1.24072
-1.19971
-0.982932
-0.732305
-1.00007
-0.930728
-0.795388
-1.03436
-0.776649
-1.04342
-1.30631
-1.31919
-1.3957
-1.33892
-1.51172
-1.55291
-1.53688
-1.53985
-1.76827
-1.77609
-1.7224
-1.82799
-1.75518
-1.55906
-1.82075
-0.947633
-0.396074
-0.504887
-0.678297
-0.859305
-0.985065
-1.03701
-1.27316
-1.34184
-1.32256
-1.16328
-1.43793
-1.59579
-1.51965
-1.38153
-1.49014
-1.51373
-1.45702
-1.40067
-1.63203
-1.61742
-1.55198
-1.32932
-1.4735
-1.23492
-1.21192
-1.22994
-1.29024
-1.16671
-0.835026
-0.969004
-0.714415
-0.802185
-0.87454
-0.853649
-0.581795
-0.7506
-0.825993
-0.761859
-1.02711
-1.06834
-1.26932
-1.26644
-1.25397
-1.50724
-1.55706
-1.54186
-1.52932
-1.64926
-1.69155
-1.65917
-1.61454
-1.57252
-1.6645
-1.65944
-1.57159
-1.67559
-1.71612
-1.63582
-1.12558
-0.67646
-0.660708
-0.973757
-0.995177
-0.745222
-0.353338
-0.362551
-0.347609
-0.635369
-0.578211
-0.551295
-0.664334
-0.739282
-0.770892
-0.87841
-1.08997
-1.00606
-0.794686
-0.938359
-0.99119
-0.796536
-1.09529
-1.28421
-1.36876
-1.38487
-1.473
-1.62406
-1.76213
-1.75456
-1.66468
-1.68677
-1.62957
-1.62866
-1.8134
-1.83599
-1.89353
-2.09867
-2.23445
-1.9805
-2.27493
-2.19116
-2.05257
-2.13924
-2.19949
-2.10844
-2.18606
-2.25708
-2.32157
-2.40604
-2.13608
-2.23561
-1.95902
-1.89023
-1.63708
-1.47607
-1.72987
-1.55164
-1.60015
-1.69033
-1.64564
-1.83454
-1.91034
-1.89876
-1.89092
-1.74015
-1.72634
-1.74049
-1.50954
-1.16899
-1.46141
-1.34009
-1.28272
-1.57862
-1.52277
-1.67946
-1.26742
-1.6653
-1.34401
-1.67387
-1.60775
-1.52254
-1.39512
-1.4207
-1.46497
-1.67372
-1.79708
-1.92178
-1.83489
-1.40704
-1.54779
-1.75616
-1.58743
-1.55124
-1.6616
-1.63528
-1.59393
-1.56698
-1.58795
-1.29274
-1.45189
-1.62497
-1.61853
-1.89178
-1.94408
-2.07399
-1.67384
-1.6812
-1.91553
-1.36599
-1.72178
-1.57199
-1.47484
-1.81623
-1.96323
-1.97627
-1.37961
-1.6004
-1.12333
-0.788951
-0.835815
-0.435621
0.37825
0.991336
0.664214
0.866511
1.22706
0.987977
0.713977
0.610975
0.399134
0.0829945
0.00524942
0.048505
0.0727345
0.104048
-0.139401
-0.259527
-0.0243246
0.189289
0.376786
0.258277
-0.0521224
-0.191309
-0.252523
-0.148774
-0.559389
-0.537727
-0.391089
-0.338117
-0.394163
-0.313263
-0.0871279
-0.194407
0.171145
0.626993
0.939279
0.595457
0.720294
0.668477
0.558922
0.783423
0.546437
0.310219
0.335031
0.608006
0.500446
0.175925
0.21074
-0.0563286
-0.0169945
-0.169422
-0.494204
-0.537062
-0.387309
-0.229915
-0.161678
0.0539226
-0.0195308
-0.304518
-0.351399
-0.245341
-0.335187
-0.254103
-0.143458
-0.446541
-0.60975
-0.537352
-0.705001
-1.00358
-1.14225
-1.07484
-0.871154
-1.04702
-1.04068
-0.904793
-1.1441
-1.06722
-1.21011
-1.18106
-0.881449
-0.412638
-0.72849
-0.532495
-0.815023
-1.03071
-0.927199
-1.21904
-1.20845
-1.3517
-1.45651
-1.5313
-1.37633
-1.52892
-1.45973
-1.3485
-1.21542
-1.20174
-1.00177
-0.776608
-0.420669
-0.462548
-0.284267
-0.449562
-0.545179
-0.672673
-0.523544
-0.675732
-0.784968
-1.09245
-1.09325
-0.779726
-1.09304
-1.15958
-1.12692
-1.295
-1.33119
-1.24445
-1.21343
-1.19787
-1.14194
-1.44128
-1.21345
-0.965295
-0.781927
-0.968852
-0.927486
-1.11468
-1.25949
-1.3923
-1.58288
-1.60497
-1.40728
-1.15471
-0.99357
-1.09811
-0.790682
-1.01337
-1.15669
-1.22328
-1.34044
-1.3856
-1.23856
-1.26675
-1.55544
-1.45147
-1.58747
-1.45026
-1.48535
-1.42065
-1.33602
-1.263
-1.21412
-1.28934
-1.47362
-1.36133
-1.63251
-1.56055
-1.26101
-1.4653
-1.27792
-1.6196
-1.57392
-1.4212
-1.36496
-1.28033
-1.44324
-1.4376
-1.60863
-1.62414
-1.4265
-1.07732
-0.956606
-0.981263
-0.0344632
0.591007
0.83106
0.554211
0.640984
0.224948
0.238831
0.381627
0.28111
0.281339
0.59972
0.957896
0.716016
0.863883
0.849864
0.58742
0.364294
0.0969147
0.117557
-0.0498149
0.0617828
-0.425336
-0.355784
-0.0049818
0.27133
0.218744
0.284233
0.029618
0.0904249
0.428248
0.611692
0.465143
0.54715
0.223084
0.345353
-0.121339
-0.148492
-0.17865
0.214368
0.671721
0.714684
0.90639
0.745299
0.64036
0.4268
0.455015
0.728077
0.8811
0.834503
0.951075
1.07556
1.25524
1.58257
1.03243
0.778506
0.688797
0.446315
0.576489
1.01535
0.53696
0.357164
0.0752898
-0.141918
-0.364545
-0.386471
-0.181524
-0.505537
-0.563672
-0.520625
-0.59506
-0.295138
-0.416804
-0.449429
-0.642852
-0.492197
-0.314734
-0.5968
-0.862727
-0.864149
-1.08508
-1.27644
-1.02574
-0.748172
-0.824273
-0.637125
-1.03377
-1.17385
-0.904468
-1.25651
-1.38239
-1.44957
-1.19632
-1.42336
-1.54666
-1.56541
-1.55361
-1.3823
-1.55354
-1.40929
-1.29553
-0.983906
-0.741152
-0.558587
-0.938911
-1.02015
-1.25534
-1.21889
-1.38881
-1.55107
-1.55234
-1.0966
-0.727288
-0.226799
-0.246811
-0.437386
-0.382891
-0.489576
-0.512353
-0.866272
-0.94884
-1.0411
-1.13043
-1.3307
-1.29985
-1.14072
-1.26406
-1.17124
-1.42842
-1.42881
-1.44991
-1.39378
-1.51982
-1.32212
-1.6305
-1.53719
-1.44886
-1.67848
-1.78584
-1.52139
-1.20561
-0.979837
-1.23698
-0.673126
-0.2438
-0.276449
-0.264778
-0.0624809
0.376812
0.147392
0.0170492
-0.211741
-0.12451
-0.0178069
-0.275842
-0.158237
0.029929
-0.0312992
0.114181
0.14446
0.102486
0.25434
0.355579
-0.0181831
-0.209215
-0.31458
-0.570537
-0.722576
-0.773195
-0.772488
-0.985175
-0.990509
-0.800769
-1.14864
-0.980999
-1.37067
-1.33556
-1.02674
-0.73062
-0.74586
-0.827744
-0.885258
-1.20706
-1.11785
-1.44426
-1.32343
-1.16144
-1.18523
-1.35069
-1.39323
-1.58861
-1.56584
-1.28705
-1.01215
-1.0635
-0.890641
-0.908455
-1.11477
-1.21197
-0.987187
-1.19635
-1.14391
-0.830691
-0.470608
-0.280955
0.252911
0.697487
0.414075
0.445935
0.0840187
0.19387
0.377887
0.397941
0.763925
0.687619
0.427093
0.205626
0.251953
0.0139091
0.310834
0.648992
0.40363
0.362932
0.209225
-0.0789521
-0.129117
0.00907398
-0.139547
-0.493497
-0.613436
-0.749644
-0.717463
-0.966985
-1.18743
-1.24197
-1.14373
-1.3394
-1.44234
-1.41213
-1.28604
-1.17591
-0.887962
-1.08569
-0.986731
-0.830096
-0.817312
-0.31908
0.0529155
-0.0733426
-0.413115
-0.222529
0.0709431
-0.133311
-0.249288
-0.523679
-0.437299
-0.741853
-0.761985
-0.860372
-0.710309
-0.946457
-0.845246
-0.962004
-1.0275
-1.11184
-1.33045
-1.33051
-1.46508
-1.14166
-1.45835
-1.69047
-1.645
-1.62019
-1.73993
-1.83771
-1.72125
-1.83115
-1.87802
-1.68236
-2.02468
-2.10084
-1.97559
-1.72051
-1.61423
-1.44882
-1.74391
-1.77219
-1.85956
-1.38338
-0.998832
-0.780984
-0.980402
-0.947628
-1.2424
-1.17323
-1.14551
-1.13487
-1.45908
-1.33073
-1.63725
-1.68671
-1.6289
-1.70446
-1.89424
-2.0165
-1.83195
-2.13865
-1.85123
-1.57976
-1.36937
-1.52301
-1.19578
-1.33712
-1.17682
-1.26755
-1.49758
-1.26174
-1.50917
-1.42266
-1.33009
-1.63536
-1.73253
-1.63695
-1.63491
-1.39911
-0.708815
-0.25554
-0.519664
-0.534318
-0.383805
0.00430689
-0.0918261
-0.339732
-0.64898
-0.749246
-0.58355
-0.838806
-0.839816
-1.0793
-1.09392
-1.16395
-1.09227
-1.25044
-0.870613
0.213311
0.837711
1.10847
1.22569
1.56346
1.56504
1.18794
1.50788
1.18228
1.41967
1.80134
2.30967
1.95604
2.40858
2.86254
2.61076
3.00668
2.6298
2.68551
2.51637
2.56963
2.72678
2.10949
2.12381
1.68007
1.84127
1.44745
1.70639
1.93463
1.63447
1.94199
1.33508
1.3405
0.914122
0.624804
0.93764
0.676174
0.860622
0.878407
0.563363
0.90921
1.22065
0.855742
0.770199
0.546656
0.22529
0.49459
0.0654598
0.433437
0.758636
0.623848
0.390621
0.447604
0.307661
-0.0665481
0.170872
0.533848
0.697514
0.466289
0.577835
0.141787
0.354691
0.0241424
0.0563451
0.0339887
-0.078247
-0.440803
-0.44583
-0.61672
-0.615429
-0.538611
-0.961402
-0.236894
-0.650154
-0.926615
-0.693783
0.381729
1.21669
0.985074
0.83142
0.500533
0.480513
0.346064
0.37144
0.143263
0.350478
0.680169
0.590582
0.872174
0.602668
0.362397
0.150811
0.116657
-0.164612
0.0284566
-0.195413
-0.0958723
-0.300516
-0.0708811
-0.33812
-0.642326
-0.640288
-0.664632
-0.918835
-0.9675
-0.834682
-0.509724
-0.363902
-0.569735
-0.307751
-0.65326
-0.540372
-0.735741
-0.989936
-1.04143
-1.09294
-1.36131
-1.42747
-1.24295
-0.690755
-1.09699
-1.08257
-1.11235
-1.24475
-1.31158
-1.16122
-1.27355
-1.14049
-1.44167
-1.23914
-1.61206
-1.49153
-1.70065
-1.2532
-1.0199
-0.620567
0.248316
0.42873
0.786695
0.519978
0.678174
0.586443
0.289614
0.10336
0.123911
0.21884
0.383554
0.497614
0.438327
0.72131
0.646616
0.410733
0.0459248
0.0755181
-0.11113
-0.234421
0.0881258
-0.109012
0.231515
-0.0957591
-0.242803
-0.238013
-0.58019
-0.439452
-0.363608
-0.397821
-0.21942
0.0580917
-0.0965822
-0.123318
-0.314349
-0.120036
0.174851
0.538442
0.939186
0.724179
0.755405
0.556232
0.41432
0.208198
-0.215852
-0.148319
-0.456546
-0.424458
-0.526292
-0.189755
-0.377946
-0.734351
-0.429209
-0.210768
-0.343862
-0.203561
-0.18661
-0.56433
-0.572323
-0.700766
-0.47164
-0.794298
-0.954035
-0.847855
-1.15488
-1.10873
-1.01552
-0.759695
-0.793426
-0.740413
-0.478
-0.875546
-0.872747
-1.05872
-0.94922
-0.86545
-0.859666
-0.92199
-0.887299
-1.20172
-1.1758
-1.18578
-0.907309
-0.490815
-0.655535
-0.58203
-0.95056
-1.08089
-0.916051
-0.958589
-1.03893
-0.857856
-0.613521
-0.598951
-1.02151
-1.08404
-0.989408
-1.10071
-0.338985
0.153945
0.116351
0.467708
0.197772
-0.142483
-0.153163
-0.464606
-0.580591
-0.877051
-0.971204
-1.03316
-1.05282
-1.27473
-1.29024
-1.28724
-1.15596
-0.997139
-0.774221
-0.648878
-0.352778
0.153356
0.279326
-0.148378
0.0167066
0.206366
0.442989
0.106703
0.196023
-0.110579
-0.202133
-0.507696
-0.580224
-0.859625
-0.916725
-0.619183
-0.32001
-0.308052
-0.490491
-0.308618
-0.263256
-0.220636
-0.652609
-0.709348
-0.674621
-0.656591
-0.619357
-1.08809
-1.09874
-1.13174
-1.16546
-1.46117
-1.49058
-1.59851
-1.07486
-1.41167
-1.42278
-1.1428
-0.816331
-0.984777
-0.626131
-0.913583
-0.994353
-1.05238
-0.96782
-1.05194
-0.868979
-0.907707
-0.741204
-0.700161
-0.859173
-0.903197
-0.536348
-0.114233
0.280885
0.0706444
-0.323506
-0.275463
-0.162685
-0.100223
-0.397914
-0.355518
-0.641151
-0.650865
-0.757026
-0.831602
-0.941056
-0.957121
-1.04378
-0.832088
-1.13282
-1.13506
-1.18487
-1.10934
-1.2863
-1.35198
-1.47295
-1.31134
-1.15519
-0.818257
-0.338644
-0.640776
-0.837707
-0.806691
-1.00613
-1.17189
-1.25679
-1.32001
-1.27783
-1.27109
-1.5934
-1.5071
-1.43489
-0.955807
-1.28751
-1.42031
-1.31404
-1.40012
-1.13079
-0.669971
-0.212399
-0.497448
-0.75329
-0.719217
-1.05541
-1.14133
-1.04158
-1.03075
-1.12813
-0.991527
-0.863076
-1.10063
-0.89506
-1.1085
-1.22362
-1.23433
-1.2852
-1.3777
-1.51603
-1.58154
-1.4856
-1.04051
-0.712152
-0.720452
-0.853684
-1.16033
-1.26381
-1.27013
-0.957298
-1.22065
-1.36737
-1.32049
-1.34071
-1.5069
-1.49081
-1.34852
-1.28477
-1.01252
-0.78824
-0.868269
-0.676967
-0.952427
-0.814907
-0.362219
-0.0468708
-0.0489033
-0.21224
-0.535246
-0.599369
-0.229504
0.142731
0.0653897
0.255755
0.0703812
0.260216
0.0177975
-0.0782115
-0.341996
-0.2912
-0.181267
-0.191307
-0.133755
-0.478677
-0.752372
-0.786965
-1.01228
-1.19357
-1.34041
-1.24948
-1.50523
-1.48482
-1.06504
-1.39853
-1.51337
-1.56099
-1.51514
-1.65501
-1.76076
-1.98567
-1.94987
-1.49643
-1.19411
-1.08985
-1.37531
-1.3644
-1.52008
-1.40465
-1.57724
-1.50141
-1.36249
-1.40658
-0.723591
-0.0908019
-0.172327
0.199175
0.35853
0.0520352
0.174368
0.0698123
-0.364173
-0.447772
-0.2909
-0.44788
-0.256786
-0.0569918
-0.349366
-0.154935
0.0446598
0.235057
-0.0999326
-0.368893
-0.373135
-0.780353
-0.813672
-0.898631
-0.834363
-0.775188
-1.00426
-0.533265
-0.103879
-0.127163
-0.0937631
-0.0839238
-0.350951
-0.322143
-0.0505326
0.0294499
0.303352
0.41813
0.587872
0.765001
0.640196
0.718956
0.640449
0.731883
0.425118
0.0679977
-0.0833394
0.123215
0.470681
0.323831
0.304412
0.20012
0.0871617
0.455105
0.656438
0.650898
0.330036
0.416075
0.662962
0.657273
0.778371
0.915382
0.744334
0.353645
0.388551
0.633694
0.278398
0.274496
0.625454
0.919715
1.00273
0.556824
0.568601
