-0.00793626
-0.0513621
-0.418949
-0.624768
-0.684714
-0.513821
-0.960595
-1.3122
-1.39535
-1.51913
-1.67409
-1.57847
-1.1276
-0.649726
-0.546851
-0.701316
-0.674126
-0.698447
-0.784757
-1.12855
-1.64518
-2.33125
-2.10564
-2.48825
-1.19745
-1.09212
-0.746535
-0.975362
-1.44881
-1.74433
-1.86733
-2.34525
-2.63556
-2.05201
-2.03332
1.6185
1.10594
0.125279
0.517427
0.409684
0.838503
-0.250233
-0.0293261
-0.891338
-1.18572
0.501569
0.399726
-0.555586
-0.781571
0.147447
-0.391631
0.476545
-0.547458
-0.945901
-1.17315
-1.1964
-0.553183
-0.623865
-1.08814
-1.27222
-0.276904
-1.10518
-1.229
-1.46031
-1.62246
-1.34815
-0.877215
-1.01781
-0.447807
-1.25198
-1.5091
-1.90389
-0.497917
-1.00234
-0.92419
-0.303505
-1.33432
-1.50641
-0.525203
-0.41608
-0.487049
-0.605899
-0.942408
-1.63413
-1.746
-1.38685
-0.422852
0.0373333
-0.734515
-0.925291
-0.624963
-1.34187
-0.510117
-1.50425
-1.50895
-1.55537
-0.642427
-0.126754
-0.624073
-0.445098
-1.42695
-1.03372
-1.89559
-1.57807
-0.416232
0.63645
1.0308
-0.218369
0.0830783
0.722161
-0.188343
-0.618355
-1.50055
-1.38844
-0.297709
0.375428
0.0396634
0.19088
0.410022
0.810147
-0.351142
-0.879386
-0.405143
-1.16088
-1.88866
-1.24576
-2.2171
-0.174146
0.312244
0.414741
-0.736059
-1.52766
-1.8288
-1.66241
-1.1776
-0.551528
-0.148089
0.489698
0.603539
1.02646
1.58668
1.58272
0.725598
0.666497
0.183662
1.00923
1.45159
0.69915
0.489418
1.23856
1.19166
0.435665
0.686117
0.941099
0.745543
0.973664
-0.231997
-0.64671
-0.101366
-1.19606
-0.146887
-0.269263
0.816568
1.24004
0.00532059
0.165056
0.0159483
-0.143294
-0.167127
0.264699
0.124791
0.375493
-0.49336
-0.484575
-1.16397
-0.864458
0.916319
-0.173041
-0.326397
-0.275504
-0.825072
-1.04316
-0.740864
-0.72635
-1.12212
-0.151834
-1.10465
-1.19282
-1.17327
-0.298051
-0.778212
-0.165664
-0.936042
-0.85352
-0.479142
-0.417058
-0.00146504
-0.093959
-0.544344
0.766016
0.607741
0.153588
-0.564676
-0.830005
-0.0460094
-0.648821
-0.369206
0.0705312
0.881845
0.250229
0.077712
0.457742
1.30456
0.616978
0.656325
0.467222
1.37608
0.284753
0.521848
0.0126602
0.41621
0.0578348
0.803396
0.928802
1.06001
0.838087
1.49845
0.203347
0.148138
-0.208862
-0.021469
0.622074
0.513291
-0.35659
-0.23263
0.974947
0.737004
0.00441508
0.385657
0.628122
0.233814
-0.539579
-0.466459
0.154251
-0.146778
-0.670775
0.123043
-0.19574
-0.142125
-0.0634143
-0.418484
0.870552
0.361126
0.700973
0.542651
0.0240127
-0.0570741
-0.0900562
0.845426
0.532724
1.22368
0.765328
0.507336
1.06215
0.335051
0.458109
0.744625
-0.0360557
-0.189689
0.666501
0.605066
0.428965
1.28888
0.817536
0.359518
-0.0275972
-0.231734
-0.090702
-0.0267518
-0.0635334
-0.434217
-0.691915
-0.846661
-0.41958
-0.234476
0.0788668
-0.129408
-0.808926
-0.24618
0.845316
0.36139
-0.0255116
-0.0884645
0.768565
0.685063
0.729791
1.66176
0.673159
0.114395
0.53276
0.469098
1.77385
1.32625
1.30378
1.17162
0.0332504
0.314271
0.115855
0.164615
-0.0909744
1.32171
0.163762
-0.257864
-0.831161
-1.14236
-1.53138
-0.703873
-0.736916
0.559919
0.239701
-0.277143
1.00488
-0.0366248
0.121272
-0.745042
-0.787389
-0.925494
-0.775353
-0.337975
-1.01967
-1.04412
-0.695677
0.587093
-0.402685
-0.562324
-0.206229
0.384206
0.307142
-0.0842003
0.169525
-0.60437
-0.944045
-0.0304488
-0.857392
-1.12389
-0.648754
0.339061
0.311075
0.501976
0.405303
-0.143874
-0.463801
-1.01744
-0.332578
-0.190553
-0.470264
0.613562
1.25763
0.77621
0.178218
0.551701
0.269123
0.448191
-0.41848
-0.543625
-0.115321
-0.434484
0.437502
0.196154
-0.306145
-0.395517
0.823923
0.687686
0.173303
-0.361197
0.54451
0.174335
0.29745
0.835154
0.902025
0.536269
0.497789
0.472002
0.673521
1.26158
0.597218
0.0331471
-0.80356
-0.126863
-0.516309
0.636583
0.380051
0.66699
1.12609
0.850303
0.498283
0.303999
0.308211
1.1697
0.140866
0.50842
1.0218
0.465316
0.309612
0.196591
0.200998
-0.301917
0.201155
0.377665
0.196861
-0.391284
0.298455
0.874155
0.479644
0.28467
0.304022
0.121809
0.0214484
-0.422787
1.25212
0.478062
1.10784
1.45999
0.635626
0.771254
0.107355
1.91955
1.51447
2.18288
2.53488
2.42854
1.8773
2.03207
1.87558
1.70892
0.906088
2.7628
3.31709
2.75004
2.65161
2.74546
2.94224
3.33454
3.46476
3.66327
3.811
4.17536
3.32938
3.7165
4.09975
3.64171
3.70469
3.1448
3.44952
3.53021
3.54512
3.67709
4.07449
3.27111
3.24097
2.51792
1.62384
2.32838
2.3806
2.93134
3.22078
2.782
2.86239
3.1016
3.40425
3.10782
3.25979
3.10553
3.25898
3.6779
3.93088
3.71463
3.19005
3.19355
2.70403
3.26621
3.67235
3.39893
3.12867
3.23521
3.11698
2.64726
2.41388
2.42258
2.22829
1.82229
2.56755
1.70201
1.65469
1.51092
1.48703
1.40864
1.26078
0.675283
-0.0472898
1.03051
0.600071
1.12552
0.0659375
-0.0765049
0.996965
1.331
1.41459
1.6834
1.73086
1.99254
1.95411
1.8432
2.36295
2.8037
2.23951
2.13522
1.65227
1.32801
1.92144
1.8194
2.13481
2.20205
2.12657
1.83984
1.78917
1.80183
1.11663
1.90368
2.32541
2.14635
1.92793
2.2288
2.43059
2.3061
2.19201
2.40961
2.68855
2.28343
2.19793
2.30307
2.63003
2.75582
2.78915
2.69499
2.79987
2.65758
2.89156
2.45921
2.51343
2.09553
1.73749
2.02533
1.78068
1.42373
1.6331
2.25341
1.82876
1.95387
1.8683
1.71284
1.92401
2.09831
2.01613
1.95593
1.74128
1.52491
1.6869
1.75298
1.91039
1.54687
1.5174
1.58226
1.45907
1.11837
1.69681
1.91576
1.71268
1.65906
1.64334
1.39666
1.09856
1.39828
0.848459
0.443113
1.38151
0.838806
1.04494
1.03238
1.22874
1.15577
1.19634
1.30065
1.40595
1.31874
1.38555
1.18592
1.11686
1.154
1.23937
1.27227
1.10444
1.17888
1.10581
1.11185
0.78365
0.798457
0.860792
0.724451
0.517678
0.405089
0.130438
0.114091
-0.289202
0.578258
0.78379
0.721142
0.708726
0.465717
0.931748
0.767055
0.862082
1.02768
0.68076
0.597556
0.467339
0.306596
0.796859
-0.938641
0.825394
-1.30305
-1.04257
0.254838
1.08173
0.92217
1.19135
0.540928
0.586549
0.609376
0.249697
-0.294011
0.584692
0.150255
-0.215336
-0.318065
-0.438588
-0.127551
-0.544128
0.176026
-0.269577
-0.605784
-0.615358
-0.15944
-0.641584
-0.177341
0.0438996
-0.117881
-0.220949
0.379118
0.45913
0.275615
0.198179
0.285682
-0.00696848
-0.104551
-0.239467
-0.347023
-0.722684
-0.3867
0.176342
0.185775
0.162149
0.184059
0.030854
-0.0883963
-0.128504
-0.358607
-0.448928
-0.606131
-0.0931885
-0.478934
-0.715163
-0.865794
-0.778228
-0.707437
-0.426964
-0.296914
-0.0212038
-0.302387
-0.317395
0.103857
0.309867
0.425061
0.313441
0.049755
0.0377427
-0.0766185
-0.230962
-0.420276
-0.0685135
-0.335028
-0.386754
-0.276119
-0.38071
-0.286925
-0.160315
-0.186195
-0.0977315
-0.124277
0.0418768
0.336043
0.602534
0.740079
0.51833
0.309938
0.605892
0.286027
0.498505
0.0900795
0.014614
-0.00892037
0.0960442
0.153877
-0.217571
-0.494144
-0.0783472
0.0134021
0.114505
-0.192065
-0.306418
-0.0378421
0.0379476
0.0982003
-0.180331
-0.179341
-0.107098
-0.253931
-0.129582
0.0045623
-0.0869525
-0.199385
-0.243998
-0.402512
-0.382886
-0.312722
-0.167717
-0.191692
-0.377134
-0.522248
-0.585835
-0.847286
-1.18976
-1.37101
-0.763759
-0.113902
-0.61125
-0.814543
-0.900278
-1.04032
-1.49691
-0.836826
-0.583724
-0.847591
-0.670569
-0.377462
-0.480834
-0.206492
0.38832
0.462684
0.228617
0.0668002
0.0704695
0.141228
0.369394
0.118571
-0.0967364
1.01781
0.828129
0.673663
0.743044
0.335673
0.355914
-0.00814721
0.30949
0.0160619
-0.12894
-0.499539
-1.06596
-0.117268
-0.0362525
-0.214069
-0.325708
-0.203734
-0.422702
-0.632596
-0.72754
-0.161591
-0.494414
-0.729891
-0.749952
-0.874031
-1.41329
-2.01633
-1.06488
-1.071
-1.56313
-1.4063
-1.19322
-1.2037
-1.36165
-1.45566
-1.57878
-1.53986
-1.82644
-1.94075
-1.70198
-1.51866
-1.89973
-1.74565
-1.67894
-1.62009
-1.82417
-1.98747
-1.45187
-1.77143
-0.279093
-0.80621
-0.347417
-0.842262
-1.07895
-0.99994
-1.21867
0.717046
0.349352
0.676234
0.827859
0.818694
1.13306
0.688619
1.52019
1.59131
2.03549
1.43629
1.44142
1.24838
1.43318
1.39251
1.41718
1.36694
1.83477
2.1205
1.79491
1.55638
1.11188
1.84273
1.32837
1.43527
1.71802
1.14884
1.61469
1.83827
1.76843
1.36442
1.70412
1.20644
0.832826
1.23199
0.654891
0.0734245
-0.722694
-1.06403
0.290309
0.192059
0.710504
0.497545
0.0836353
1.11901
1.20442
0.848641
0.509678
0.274273
1.39529
0.858173
0.510006
-0.0351104
0.637934
-0.0976298
-0.725
0.998283
0.717157
0.807567
0.820288
1.02549
0.779236
0.687827
0.338036
0.326209
0.251959
-0.277252
0.760344
0.327259
0.133541
-0.191874
-0.388256
-0.421916
-0.594517
0.632255
0.758015
0.615566
0.156173
0.617069
0.375702
0.720694
0.390178
0.212154
0.760599
0.433471
0.568272
0.810469
0.792749
0.301569
1.04363
0.803613
0.627677
0.5065
0.573445
0.426335
0.275346
0.308973
-0.0226016
-0.205219
-0.812704
-1.28773
-0.121109
-0.698752
-0.700872
-0.461394
0.143341
-0.447312
-0.459189
-0.659883
-0.733632
-0.657823
-0.706164
-0.021288
-0.667844
-0.88536
-0.776789
-1.20523
-1.31229
-1.12177
-1.47138
-1.36963
-1.39055
-0.705488
-0.318973
-0.737226
-0.978189
-1.13328
-1.41323
-1.4687
-1.41263
-1.56032
-1.88453
-1.24944
-1.64017
0.31631
-0.561271
-1.16891
-0.653084
-0.64143
-0.897868
-0.145446
-0.330656
0.328392
-0.201304
0.534358
-0.199349
-0.647039
0.284377
0.610088
0.41092
0.0406246
-0.0779881
0.758624
0.418006
-0.383934
-1.04204
-1.29397
-1.34907
-1.47962
-1.23525
-2.0083
-2.40644
-1.75912
-1.17225
-1.79834
-2.00427
-1.51801
-1.9736
-2.45905
-2.46331
-2.69636
-3.26218
-3.32178
-3.20064
-1.33278
-2.25899
-1.75089
-2.41989
-2.26218
-2.2024
-1.92278
-1.18606
-2.04382
-1.19949
-1.93231
-0.894578
-0.479716
-0.718065
-0.805201
-1.49539
-1.41021
-1.85308
-0.0783294
0.29896
0.486274
-0.228804
-0.463949
-0.885985
-0.746449
-1.03808
-1.53443
-1.6205
-1.1484
-1.60881
-1.70479
-1.12786
-1.5965
-1.99653
0.268382
0.432194
0.00226625
0.271479
-0.214694
0.43391
0.0284173
0.61385
0.0520602
0.0679745
0.188351
-0.511106
0.573969
0.479751
0.206045
0.356728
0.940908
0.997493
0.286368
0.558101
-0.208171
-0.459535
-0.246166
-0.780109
-1.14489
-0.704297
-0.693019
-1.40906
-1.24813
-1.93567
-2.22738
-1.96088
-2.16818
-1.67614
-1.37289
-0.767504
-0.698181
-0.935079
-0.988871
-0.314954
-0.0204414
0.160064
-0.53072
-1.18111
-0.646484
-0.867583
-1.25638
-1.68437
-2.2788
-1.8471
-1.15869
-0.509909
-0.273754
-0.593568
-0.495635
-0.400546
-0.171708
-0.355964
-0.143633
-0.165338
-0.148818
-0.893229
-0.673221
-0.0810189
0.107374
-0.0644214
-0.385741
-0.7091
-0.395941
0.412371
0.56943
0.485835
0.622298
0.4093
0.0268592
0.0832598
0.314277
0.124073
0.415132
0.652351
0.406885
-0.158626
-0.408847
0.187222
-0.276858
-0.505805
0.0621379
0.143828
0.134189
-0.163933
-0.0765909
0.39388
-0.6445
-1.05086
-0.328557
-0.480347
0.423036
0.198851
-0.22129
-0.0498721
-0.135808
-0.0465009
0.552856
-0.21932
0.325757
-0.455599
-0.520602
-0.633492
0.603066
0.207328
0.246576
-0.1049
1.01475
0.515477
1.91267
0.531744
2.67095
3.06587
2.73315
3.01512
2.27288
2.06647
1.35916
1.01429
2.00391
2.31945
2.02634
2.2152
1.58547
1.3409
1.39467
1.54509
0.647946
0.165332
0.196714
0.953522
1.27607
1.57518
1.00813
1.36816
1.57803
1.28378
1.13397
0.981744
0.334559
0.224019
0.198942
0.978647
1.648
1.87555
1.75046
1.30729
1.27288
1.43564
1.44258
1.84232
2.09218
1.77617
1.50453
1.06801
1.52149
0.87153
0.771623
0.322814
0.683237
0.69711
1.04543
0.717859
0.865524
0.911608
0.586766
0.603113
0.895365
1.08228
0.46597
0.746435
1.24946
1.54968
1.36283
0.972002
0.924833
0.892079
1.12588
1.47462
1.36432
1.10193
1.08918
1.08875
1.27043
1.33294
1.33366
1.48332
1.48917
1.56222
1.64489
1.36138
1.50253
1.13949
1.10337
1.05755
0.860888
0.793178
0.918226
1.16026
0.974424
1.09888
1.19892
1.20363
1.01185
1.00078
1.36979
0.931482
0.888513
0.655604
0.032438
0.427847
0.666002
0.308732
0.560285
0.0518053
-0.179953
-0.470487
-0.579415
-0.509543
-1.03641
-1.14598
-1.27774
-0.999598
-0.816024
-1.26588
-1.55131
-1.8675
-1.74415
-1.36807
-1.65194
-1.45905
-1.40838
-1.29631
-1.2075
-1.65747
-0.790282
-1.64316
-1.75899
-1.89949
-2.18287
-1.81892
-1.39125
-1.79296
-1.69046
-1.2415
-1.77901
-2.06887
-2.01313
-1.73796
-2.04311
-2.25333
-2.3435
-2.30228
-1.91471
-2.21325
-1.97675
-0.767299
-0.237831
-0.342915
-0.899494
-1.30254
-0.0392938
-1.027
-0.907421
-1.60841
-1.59608
-1.83739
-1.75564
-1.18982
-0.867794
-0.284721
-1.08182
-0.978813
-0.868007
-0.922415
-0.944641
-1.42017
-0.782539
-0.500622
-0.344187
0.304171
0.611143
0.439247
0.121315
0.310012
0.444984
-0.0767347
-0.0552702
-0.0643808
0.0183399
0.0455532
0.193746
-0.193041
-0.635903
-0.815108
-0.517998
-0.913693
-0.573584
0.0217697
0.289647
0.147711
0.137795
0.0969386
-0.0746719
0.163767
0.337428
0.231351
0.440469
0.598471
0.803981
0.473031
0.261556
0.102037
-0.144846
0.123341
0.169396
0.317104
0.65387
0.560024
0.603803
0.854899
0.474893
0.366995
0.412874
0.52586
0.394615
0.396007
0.318238
0.105536
0.132233
-0.133901
0.30501
0.416773
0.443201
0.485185
0.498417
0.307468
0.572959
0.141583
0.0712118
-0.137925
-0.0262528
0.0504209
0.0376674
0.0985959
0.0098134
0.187039
-0.178595
-0.150516
-0.311463
-0.592465
-0.545145
-0.277902
-0.0949816
-0.00900357
0.120605
0.0644556
-0.347732
-0.349098
-0.279996
-0.314169
0.021987
-0.452347
-0.534585
-0.777528
-0.892237
-1.05244
-1.4385
-1.75407
-2.15543
-1.2277
-1.93357
-2.52861
-2.32006
-2.24695
-1.45186
-0.936901
-1.40451
-1.54379
-1.65044
-1.26579
-0.935391
-1.28281
-1.31754
-0.324716
-1.22591
-1.27681
-1.08239
-1.32198
-0.315293
-1.01615
-1.36839
-1.40637
-1.6041
-1.94453
-2.23562
-2.31649
-1.11725
-0.615233
-0.357985
-0.828371
-0.773515
-1.05307
-1.1522
-1.15145
-1.75345
-1.77165
-1.15537
-0.652154
-0.554688
-0.675529
-0.498743
-0.595732
-1.01995
-1.39682
-0.243865
0.0866843
0.263307
0.350998
0.175675
-0.0778183
-0.272853
0.0737661
-0.152418
-0.187645
-0.117311
0.683057
0.671616
-0.416283
-0.218553
-0.276525
0.440627
-0.990003
-0.496564
1.1376
-0.108972
-0.561585
0.519249
0.0967723
-0.319675
-0.14497
-0.0146292
-0.638973
-0.590059
-1.12831
-1.14602
-0.915238
-0.979998
-1.75863
-0.760827
-1.79805
-0.979014
-0.938058
-0.299329
-0.145681
-0.520578
-0.489342
-0.376114
-0.503888
-0.600391
-0.734508
-0.159371
0.425044
1.11101
-0.0783255
-0.353673
-0.715532
-0.959165
-1.0498
-0.719941
-1.59205
-2.06784
-2.2564
-2.74771
-1.75788
-2.33222
-1.83396
-2.5512
-3.10695
-1.90008
-2.71169
-2.11561
-2.01301
-1.70943
-0.740331
-0.350645
0.121457
-0.531211
-0.914821
-0.793563
-1.43979
-1.63642
-2.06533
-2.36687
-2.72068
-1.32488
-0.342414
-0.0482328
0.149904
0.488767
0.657535
0.514724
-0.212537
-0.403516
-0.595749
-0.372059
-1.12
-1.57635
-1.48753
-1.62252
-2.05361
-1.99408
-1.51472
-2.01679
-1.37618
-1.09274
-0.740648
-0.652933
-0.218802
-0.717002
-0.375099
-1.0257
-1.21728
-1.39049
-1.03589
-0.624129
-0.353339
-0.650437
-0.456898
-0.818704
-0.274338
-1.09829
-1.61858
0.447707
0.852689
0.557317
0.470225
0.427331
-0.170203
-0.00671425
-0.788448
-0.823615
-1.36968
-0.900407
-1.41759
-0.577555
-0.159586
-0.206609
-0.963066
-0.926185
-1.03857
-1.36475
-1.28833
-1.70455
-0.609268
-0.888344
-1.04723
-0.461808
-1.26853
-1.5272
-0.953492
-0.684184
-0.822361
-0.617286
-0.687914
-0.553758
0.0838658
0.155944
-0.168509
0.304849
0.512611
0.361047
-0.289144
-0.0706334
0.145983
0.532813
-0.0072793
0.0687054
-0.120831
0.0233064
0.885508
0.956443
0.919176
1.0005
0.723469
0.304463
-0.209696
-0.212742
-0.758914
-1.14985
-0.226584
-0.551944
-0.608828
-1.33758
-0.291849
-1.31238
-1.371
-1.55702
-1.40563
-1.38687
-1.98198
-2.302
-2.62886
-2.22319
-1.96227
-2.39567
-2.45738
-2.17667
-2.30716
-1.15158
-2.10191
-2.58762
-1.88553
-1.49985
-1.32026
-1.64486
-1.55641
-1.58395
-1.67407
-0.462558
-0.134612
-0.146832
0.00543698
-0.142565
0.0557813
-0.362789
-0.607404
0.0132874
0.220746
-0.013205
-0.296117
-0.319044
-0.256009
-0.835048
-1.29518
-0.509414
-0.705672
-1.18812
-1.51264
-1.44803
-1.30627
-1.55811
-0.839816
-1.64847
-1.25119
-0.918971
-0.89213
-0.868856
-0.824524
-1.00313
-0.81468
-0.585807
-0.944966
-0.79574
-0.432653
-0.632098
-0.275632
-0.0714904
0.228408
-0.348601
-0.649254
-0.760785
-0.273796
-0.712885
-0.932465
-1.4129
-1.29774
-1.49995
-1.25478
-1.45891
-1.83687
-1.71107
-1.84767
-1.57095
-1.50348
-1.70097
-1.93983
-1.6448
-0.971313
-0.0985585
-0.936065
-1.12425
-0.843899
-1.19447
-1.49638
-1.82862
-1.71757
-1.63415
-1.17432
-1.54156
-2.0829
-2.14532
-2.21586
-2.58489
-2.50912
-2.07032
-1.86827
-1.80533
-1.03537
-1.79937
-1.96503
-1.06528
-0.524709
-0.590446
-0.629975
-1.00234
-0.226416
-1.05702
-0.949029
-1.2662
-1.75818
-1.67494
-2.34289
-2.60804
-2.12295
-1.24612
-0.790515
-0.953877
-0.787767
-1.28196
-1.47479
-1.54719
-0.574264
0.0618539
-0.422882
-0.884642
-0.885724
-0.781882
-1.24298
-0.828239
0.2145
0.595347
0.511353
0.302301
0.546877
0.100261
0.772102
0.973936
0.43908
0.692754
0.566565
-0.117014
0.151013
-0.578491
-0.609281
-0.806913
-1.44306
-1.06189
-0.755298
-1.19107
-1.03493
-1.65921
-1.94275
-1.62536
-2.02605
-1.55721
-0.380862
-1.27389
-1.5217
-1.90721
-2.13811
-1.72516
-1.46523
-0.715807
-0.459466
-0.291215
-0.544824
-0.955943
-0.717318
-1.11405
-0.974231
-0.837929
-0.931781
-0.758362
-0.742489
-0.854404
-1.13863
-1.53338
-1.95252
-1.11203
-0.398671
-0.164624
-0.226635
0.136223
0.599339
0.605833
0.322835
0.198672
-0.260842
-0.517068
-0.668646
-1.03828
-1.10677
-0.718957
-0.48763
-0.641784
-1.02751
-1.4093
-1.5248
-1.56375
-1.00331
-0.547571
-1.00045
-1.14155
-0.795187
-1.46469
-1.42844
-0.926117
-0.618801
-0.867668
-0.948122
-0.624273
-1.05646
-1.22032
-1.2801
-1.76122
-1.54814
-2.01094
-2.3059
-2.66522
-2.67012
-1.91564
-2.06882
-2.61527
-3.06027
-2.64676
-1.89104
-1.45169
-1.75128
-1.8485
-1.74232
-2.22448
-2.38196
-2.70809
-2.28399
-1.802
-2.11554
-2.09236
-2.27552
-1.96102
-2.40158
-2.32403
-2.55669
-2.06714
-1.6738
-1.9002
-1.79901
-1.77628
-2.11721
-2.02703
-1.28321
-0.473068
-1.1432
-1.1788
-1.516
-1.79897
-1.72237
-1.59398
-1.6399
-1.53098
-0.232829
0.196714
0.145693
-0.0943199
-0.0457183
-0.0933793
0.155088
-0.279475
-0.510541
-0.469521
-0.755031
-1.21913
-0.889792
-1.21627
-1.60486
-1.76202
-2.13115
-1.67808
-2.34929
-2.83923
-3.20047
-2.56169
-3.41676
-3.80799
-3.55441
-2.58859
-2.84774
-1.83042
-1.34562
-1.70136
-1.55404
-1.37493
-1.17517
-1.67409
-1.56172
-2.0938
-1.46851
-1.05575
-0.768372
-0.127745
0.129088
-0.285912
-0.393983
-0.046211
0.0363957
0.100037
-0.359467
-0.0476201
0.540523
0.499921
0.832064
1.04738
1.03128
0.823943
0.518782
0.767823
0.624094
0.803757
0.347085
0.510096
0.155567
-0.341174
0.0607504
-0.444923
-0.40691
-0.367711
-0.951812
-1.03961
-0.832997
-1.18455
-1.67206
-1.80168
-2.30833
-2.77055
-2.8596
-3.37767
-3.63703
-2.29698
-2.92433
-2.74996
-2.27495
-2.65691
-3.22871
-2.95023
-3.20768
-1.69215
-0.995907
-1.4371
-2.08998
-2.13726
-1.54623
-1.14509
-0.28465
0.13025
0.291821
0.577366
0.542734
0.845198
0.822646
-0.0233474
-0.32089
-0.883543
-1.39162
-1.37581
-1.92117
-1.44913
-0.630272
-0.358239
0.198346
0.617161
0.717236
0.576899
0.0409613
0.185292
0.160286
0.132312
0.263998
0.539407
-0.0708577
-0.329014
0.0680363
-0.484619
-0.425758
-0.142859
0.357196
0.567169
0.42497
0.666006
0.495014
-0.0544466
0.0806695
-0.424269
-0.441564
-0.116551
-0.676329
-0.443705
-0.916218
-1.33139
-1.75801
-2.16312
-1.52964
-2.21569
-2.11157
-2.7189
-2.79101
-2.40433
-1.61591
-1.95856
-1.58229
-1.40493
-0.513841
-0.0156729
0.225032
0.48496
0.514638
0.0429946
0.323355
-0.328275
0.0569368
-0.495877
-0.241419
-0.830285
-0.754739
-0.0864373
0.215478
0.0686931
0.1743
-0.139829
0.0231413
-0.036157
-0.217509
-0.590092
-0.662135
-0.794875
-0.836871
-1.11758
-1.11408
-1.16799
-1.58202
-0.74158
-0.286033
-0.714769
-0.68385
-0.984383
-1.24947
-1.32723
-1.17535
-1.24914
-0.834392
-0.373948
-0.786155
-0.652491
-0.380135
-0.309619
-0.299224
-0.751481
-0.679473
-0.659274
-0.52562
-1.00477
-1.11334
-1.30094
-1.37461
-1.33999
-1.58133
-1.06072
-0.581305
-0.971982
-0.92494
-0.742646
-0.806464
-0.836384
-0.821267
-0.648534
-0.577444
-0.519446
-0.396178
-0.795722
-0.829285
-0.608966
-0.525734
-0.730297
-0.682929
-0.980088
-0.840459
-1.0556
-1.03083
-0.820124
-0.783787
-0.424122
0.00572415
-0.0909668
-0.32853
-0.365625
-0.307033
-0.257715
0.000507125
0.0399976
-0.172331
-0.471897
-0.704737
-0.606426
-0.867195
-0.959717
-1.0347
-1.03335
-0.880812
-0.612491
-0.361309
-0.238811
-0.45742
-0.609617
-0.670384
-0.656345
-0.62959
-0.628956
-0.661717
-0.578751
-0.411785
-0.618386
-0.482841
-0.561598
-0.593692
-0.66019
-0.824762
-0.686375
-0.169558
0.802807
1.76494
1.82831
2.23699
1.80982
1.15372
1.00813
1.53517
1.83494
1.21441
1.22464
1.68134
1.30092
1.35103
0.957088
0.367184
0.699538
0.285277
-0.430164
0.397285
0.508293
0.444828
0.408207
0.124818
-0.2328
0.882937
0.955385
1.1853
0.357275
0.517544
0.601144
-0.132842
0.00647472
-0.237794
-1.01656
-1.52675
-1.11609
-0.812328
-0.094306
-0.760535
-1.32552
-1.6978
-1.2521
-0.00787498
-0.297762
-1.09279
-1.11207
-0.407989
-1.11775
-1.19761
-0.448801
-1.19825
-1.56132
-1.45709
-1.51776
-0.943162
-0.611364
-0.803904
-0.147909
0.391464
0.749517
0.0104968
0.373138
-0.374388
-0.596179
-1.06197
-1.23382
-1.61221
-1.87275
-1.69806
-0.871371
-0.699391
0.103376
0.729906
0.0120146
0.104355
0.205085
0.117029
0.663986
0.630221
0.595583
0.508696
0.396832
0.818182
0.893111
0.685402
0.494228
-0.168059
-0.391519
-0.0545165
-0.275289
0.130932
0.517361
0.658162
0.708778
1.14575
1.38182
1.09532
0.899221
1.29768
1.56867
1.44823
1.42785
1.40478
1.22238
1.39783
1.02226
1.22075
0.848856
0.838908
1.16084
0.35638
0.732607
0.927266
0.558608
0.831933
1.12462
0.883238
0.439334
0.824918
1.29858
1.01662
0.752318
0.110173
-0.183699
0.330747
0.103044
0.308825
0.32564
-0.232061
-0.0588579
0.571059
-0.160423
-0.490045
-0.810202
-1.405
-0.696259
-0.315782
-0.678085
-0.219208
-0.975598
-1.13115
-0.971237
-1.14143
-1.52664
-1.94072
-2.29123
-1.77192
-1.3834
-1.49498
-1.14453
-1.53236
-1.95167
-1.53709
-1.99521
-1.09527
-0.36063
-0.27648
-0.0760245
-0.365823
-0.14544
-0.241816
-1.11821
-1.43754
-1.06048
-1.53233
-2.06695
-1.55445
-1.36853
-1.54843
-1.58967
-1.77798
-1.12302
-0.637256
-0.388013
-0.639735
-0.305634
-0.28448
-0.474004
-0.817817
-0.314177
-0.588609
-0.404137
-0.408199
-0.126894
-0.367656
-0.206486
-0.288827
-0.194194
-0.506693
-0.262658
-0.635555
-1.06547
-1.07989
-1.39861
-1.3909
-1.46234
-1.72486
-1.47047
-1.92457
-1.95261
-2.37553
-1.34714
-0.785139
-0.631456
-0.742314
-0.789682
-0.982875
-0.833899
-1.1556
-1.34597
-0.813296
1.47287
1.07164
1.17036
1.00503
0.773205
-0.093604
-0.134935
-0.108425
-0.701745
0.248174
-0.483916
-0.403757
-1.0192
-0.857906
-1.46767
-1.46885
-2.06268
-1.67333
-1.70969
-1.33676
-1.73111
-1.82029
-2.023
-2.07364
-2.3604
-2.78947
-1.77143
-1.24419
-1.68089
-1.1782
-2.01899
-2.18588
-2.23695
-1.70919
-2.33826
-2.22392
-1.94176
-1.59707
-1.92083
-2.31519
-2.32684
-2.30891
-2.01179
-1.63218
-1.6725
-1.49138
-1.9847
-1.85056
-1.63126
-1.58939
-1.98163
-2.48203
-2.40094
0.501553
0.971607
0.709686
0.695243
0.601033
-0.075334
-0.400247
-0.684462
0.0292398
-0.380578
-0.619074
-0.257177
-0.0686771
-0.391208
-0.195119
-0.030649
-0.497674
-0.468452
-0.480629
-1.07671
-1.20071
-0.957324
-0.356887
-0.0937783
-0.428543
-0.601097
-0.678349
-0.487233
-0.91146
-1.34211
-1.40397
-1.33025
-1.57332
-1.42665
-1.33985
-1.23758
-1.2482
-0.940853
-0.592683
-0.428712
-0.497636
0.499507
-0.346397
-0.293858
-1.09492
-1.63599
-1.83865
-1.13293
-1.87151
-1.49772
-2.01908
-1.37247
-2.09419
-2.65544
-2.26562
-1.99578
-1.63127
-1.8086
-1.58573
-1.41414
-1.367
-1.80854
-0.547469
-1.39165
-1.19832
-1.84996
-1.0987
-0.779427
-0.509375
-1.0121
-1.06305
-1.22329
-1.44599
-1.53965
-1.6619
-1.78272
-1.13328
-0.751416
-0.908325
-0.632118
-0.895905
-1.4088
-1.43587
-1.67171
-1.61911
-1.69044
-2.01419
-1.84703
-1.95704
-1.71095
-1.83462
-1.46962
-1.79682
-1.32438
-1.14629
-1.8965
-1.96725
-1.53455
-1.2281
-1.33529
-1.5106
-1.20972
-1.91804
-1.92396
-2.08674
-1.85269
-2.18115
-2.02142
-2.23826
-1.94294
-2.63366
-2.65842
-1.9738
-2.80219
-2.99912
-3.23967
-3.37842
-3.06068
-0.541907
-0.821208
-0.749948
-1.00555
-1.01103
-1.04302
-1.31233
-1.28867
-1.92753
-1.61053
-0.790246
-1.44959
-1.46528
-1.51374
-0.360289
-0.104679
-0.525033
-0.742273
-0.993939
-0.639327
-1.24711
-1.45975
-1.82876
-1.7665
-1.87497
-1.90877
-1.68156
-2.05429
-2.1384
-2.4416
-1.89865
-1.23399
-0.644694
-1.20536
-1.14539
-0.804565
-1.40641
-0.629037
-1.10021
-1.80233
-2.03256
-2.16025
-1.99639
-2.44199
-2.63384
-2.53893
-2.27268
-2.85244
-2.93144
-2.79158
-2.95755
-2.69254
-2.00302
-2.70371
-0.114276
0.193163
-0.130911
-0.409002
-0.886872
-1.31055
-1.26504
-1.94981
-2.2935
-2.44808
-1.27354
-1.79257
-2.48783
-2.22877
-1.91015
-2.22596
-2.49738
-2.43263
-1.89718
-2.53211
-2.4478
-2.45027
-1.37656
-1.33823
-1.00892
-1.32713
-1.47505
-1.71769
-1.25179
-0.550482
-0.624424
-0.496496
-0.773583
-0.94334
-0.664766
-0.370647
-0.835798
-1.1205
-0.856428
-1.40851
-1.35061
-1.93226
-2.26805
-1.73961
-2.36405
-2.68621
-2.76408
-2.6928
-3.27915
-3.44244
-3.37082
-3.29622
-3.08709
-3.64697
-3.61396
-3.18837
-3.4154
-3.4024
-3.0947
-0.567444
-0.102645
-0.112793
-0.811356
-1.01544
-0.0956704
0.143651
-0.0446168
0.111654
-0.418941
-0.514981
-0.694295
-1.15237
-1.31605
-1.16502
-1.10555
-1.86184
-1.12895
-0.827097
-1.34733
-1.6355
-0.717857
-1.37517
-1.95985
-2.24316
-2.59926
-2.64891
-3.15018
-3.64061
-3.11865
-2.7535
-2.76745
-2.60865
-2.46503
-3.01559
-2.79801
-2.49364
-2.93059
-3.34953
-2.00451
-2.7368
-2.70521
-2.37826
-2.77775
-3.1081
-2.96252
-3.14885
-3.55517
-3.84236
-4.35819
-2.40868
-2.32338
-1.95305
-1.79665
-1.49868
-1.05274
-1.61507
-1.49352
-1.82547
-2.16146
-2.08802
-2.58905
-3.12271
-3.08419
-2.70977
-2.34745
-2.39001
-2.47177
-2.02242
-1.28387
-1.89295
-1.76374
-1.61042
-2.25185
-2.26322
-2.72842
-1.44159
-2.37771
-1.31872
-2.12155
-2.03503
-1.9018
-1.70064
-1.70403
-1.71933
-2.06218
-2.45535
-2.92949
-2.43717
-1.5078
-1.50759
-1.84725
-1.75005
-1.86592
-2.26959
-2.36429
-2.49224
-2.62704
-2.61999
-1.59783
-1.49005
-1.72636
-1.35824
-2.09917
-2.34271
-2.64262
-1.37514
-1.1913
-1.68728
-0.674632
-1.547
-1.26882
-0.837931
-1.64879
-2.35074
-2.72268
-0.600691
-0.79577
-0.176212
-0.295608
-0.64739
0.717949
1.76999
1.69086
0.792026
1.83095
1.63003
1.20203
0.161683
0.542248
0.417082
-0.585793
-0.522088
-0.383279
-0.645867
0.293464
0.0935737
0.192194
0.334841
0.623075
0.393496
0.373837
-0.39129
-1.01198
-0.832703
0.254034
-0.662211
-0.545267
-0.387147
-0.555656
-0.849865
0.00107453
-0.178564
-0.571887
0.977825
1.32058
1.60691
1.14217
0.730313
0.765309
1.07963
1.03952
0.549028
0.141484
0.908236
0.681484
0.803514
0.054324
0.154147
-0.447363
-0.190755
-0.049954
-0.855492
-0.734762
-0.282785
-0.337368
0.0962624
0.107622
0.0761617
-0.770317
-0.547162
-0.587853
-0.544616
-0.532649
0.194311
-0.527304
-1.14202
-0.467806
-0.365463
-1.06972
-1.66452
-1.01325
-0.649372
-1.14512
-1.19575
-0.624137
-1.19323
-1.16713
-1.46778
-1.53511
-0.553089
0.179272
-0.38108
-0.0964942
-0.722068
-1.41852
-0.873544
-1.85192
-1.82147
-2.33327
-2.71269
-2.29803
-1.91428
-2.3394
-2.25565
-1.91148
-1.65437
-1.51482
-1.12106
-0.416289
0.0310241
-0.0791269
0.0688382
-0.428639
-0.745519
-0.919155
-0.464514
-0.535577
-0.484807
-1.07715
-0.81365
-0.324317
-1.08387
-1.44828
-1.33232
-1.78357
-1.75857
-1.62818
-1.69111
-1.50627
-0.996487
-1.67449
-1.10637
-0.790951
-0.561491
-1.08435
-1.01446
-1.33322
-1.53192
-1.87525
-2.63919
-2.78392
-1.65687
-1.06681
-0.808586
-0.850834
-0.436795
-0.922737
-1.36204
-1.68787
-2.26091
-2.38388
-1.63573
-1.35081
-2.16327
-1.70044
-1.96192
-1.80038
-1.99234
-1.95822
-1.78024
-1.63701
-1.52569
-1.70976
-2.06689
-1.76512
-2.25163
-2.0434
-1.58104
-2.05783
-1.56482
-2.29483
-2.18925
-1.94553
-1.9491
-1.77318
-2.08238
-2.09207
-2.4241
-2.47878
-1.83251
-1.2449
-1.19538
-1.42268
0.828495
1.4838
1.60002
0.963995
1.28629
0.352053
0.684355
0.566756
0.216066
0.13775
1.24221
1.61415
1.32598
1.27719
1.28903
0.873233
0.556735
-0.0105708
0.0277225
-0.26064
0.535908
-0.392271
-0.0694982
0.589113
0.567058
0.324473
0.496761
-0.0288069
0.519187
0.985443
0.897359
0.594248
0.976111
0.307631
0.919236
0.0285722
-0.0937192
0.175438
1.26279
0.541772
1.42067
0.728706
0.288325
0.0718197
-0.523767
0.721559
1.00775
-1.21318
0.718795
1.02264
1.5541
1.86743
2.44477
1.4754
0.579433
0.449726
-0.180333
1.06703
1.69686
0.933743
0.60941
0.0457897
-0.380863
-1.20783
-0.794587
-0.115354
-0.857986
-0.682712
-0.109673
0.237253
0.0923178
-0.481897
-0.147953
-0.216257
-0.411482
0.319584
0.0390127
-0.675649
-0.551736
-1.01834
-1.57071
-0.772488
-0.509351
-0.734519
-0.241155
-0.95176
-1.42203
-0.624821
-1.39404
-1.75627
-1.87644
-1.34752
-1.96572
-2.33052
-2.44767
-2.5539
-1.80362
-2.19143
-1.94447
-1.60927
-1.01144
-0.681531
-0.17076
-0.893788
-0.980676
-1.65207
-1.41046
-1.62683
-2.20719
-2.18668
-0.891174
0.255258
0.295069
0.178845
-0.252088
-0.398126
-0.375856
-0.0580067
-0.930515
-1.21303
-1.35595
-1.21206
-1.86883
-1.27787
-1.00561
-1.46845
-1.02804
-1.85344
-2.11799
-2.06739
-2.01717
-2.50312
-1.09127
-1.82785
-1.87804
-1.69793
-2.22841
-2.83576
-1.44573
-1.12816
-0.624715
-1.1499
-0.0449652
0.254436
-0.0644276
-0.0244433
0.595778
0.915492
0.416458
0.199801
-0.0483909
0.0109891
0.154363
-0.450955
0.0334381
0.011843
0.0550581
0.0710092
-0.115474
0.438082
0.0644223
0.946602
0.382147
-0.0333558
-0.0574995
-0.581952
-1.32523
-1.6062
-1.41126
-1.93884
-2.30166
-0.924386
-1.65189
-0.863522
-1.61372
-1.78816
-0.89786
-0.560029
-0.607263
-0.797639
-0.686133
-1.33321
-1.0171
-1.70735
-1.4423
-1.2547
-1.34997
-1.7509
-1.87054
-2.40701
-2.33625
-1.71311
-1.24961
-1.38824
-1.1368
-1.15446
-1.5282
-1.74031
-1.2701
-1.75529
-1.72336
-0.867306
-0.356179
-0.0698394
0.949527
1.38635
0.786968
0.948685
0.261998
0.453579
0.893578
1.17027
1.37232
1.26539
0.943206
0.576285
0.641819
0.00876323
0.990695
1.35202
0.808855
0.721342
0.693297
-0.0420392
-0.14824
0.255233
0.257047
-0.603985
-0.979792
-1.46646
-0.92515
-1.43796
-2.05079
-1.97322
-1.80212
-2.19551
-2.42851
-2.01138
-1.71754
-1.4044
-0.912114
-1.36141
-1.17644
-0.881813
-0.787584
0.117737
0.499189
0.291479
-0.228648
0.177965
0.562239
0.24115
0.108821
-0.358987
-0.192972
-0.795468
-0.901779
-1.04336
-0.700775
-1.12258
-1.0496
-1.53919
-1.53105
-1.38314
-1.94149
-1.81157
-2.06718
-1.04834
-1.56467
-2.12048
-2.32272
-2.21013
-2.47346
-2.75926
-2.6267
-3.12179
-3.1792
-2.07536
-2.85365
-3.15514
-2.63876
-2.32574
-2.27374
-1.8049
-2.42011
-2.18233
-2.3635
-1.39223
-0.895942
-0.699781
-1.16834
-0.902015
-1.46246
-1.47206
-1.52239
-1.24848
-1.96815
-1.59736
-2.34095
-2.5488
-2.38187
-2.39337
-2.84181
-3.24819
-2.36351
-3.07825
-2.26649
-1.95604
-1.08853
-0.778087
-0.691375
-1.08642
-0.842686
-0.865127
-1.38754
-0.942029
-1.63907
-1.6825
-1.12348
-1.75804
-2.26004
-2.40182
-2.56606
-1.24087
-0.0543432
0.326414
-0.263869
-0.483105
0.276901
0.554417
0.54094
0.214195
-0.411397
-0.48091
-0.196259
-0.781142
-0.768516
-1.3759
-1.48834
-1.7281
-1.40131
-1.61557
-0.790474
1.25256
1.77129
1.44333
2.20838
2.19174
2.54024
2.07285
2.50953
2.16115
2.22666
2.85748
3.38203
3.009
3.55726
4.02201
3.84207
4.21875
3.84818
3.68314
3.54713
3.47842
3.93552
3.06876
3.29014
2.83933
2.96848
2.27509
2.76472
2.89918
2.2909
2.87575
1.904
2.08204
1.44955
0.901989
1.58039
1.24258
1.35019
1.47873
1.11299
1.59867
1.98288
1.40208
1.26204
1.02344
0.425629
1.13283
0.529986
1.15862
1.33556
1.08539
0.809521
0.93674
0.859167
0.159614
0.722154
1.121
1.32555
0.966663
1.20668
0.685383
0.917383
0.481472
0.532162
0.55087
0.407795
-0.198481
-0.259264
-0.548386
-0.448275
-0.132435
-0.804154
0.461589
-0.022683
-0.377464
-0.274591
2.10614
1.9096
1.09558
1.19752
0.348489
-0.216729
-0.301467
-0.265768
-0.59847
0.857815
0.791422
1.13122
1.05287
0.709512
0.198265
-0.196999
0.351574
0.0773131
0.111801
-0.229315
0.0646577
-0.0438167
0.303603
0.0278294
-0.495202
-0.64763
-0.341127
-0.898204
-0.787256
-0.00513999
-0.0143148
0.0508187
-0.157925
0.22602
-0.381413
-0.186537
-0.331077
-0.745974
-0.648454
-0.659389
-1.41493
-1.63932
-0.793432
0.114329
-0.776225
-1.05211
-1.21276
-1.54649
-1.4165
-1.16501
-1.35571
-0.602493
-1.1401
-0.353903
-1.10236
-0.859684
-1.31219
-0.527418
0.0526472
1.25054
1.09699
1.49958
1.60223
1.32353
0.765697
0.763676
0.121288
-0.394524
-0.0837232
0.28729
0.423812
0.469945
0.922489
0.775141
0.828433
0.724348
0.0530478
0.111573
-0.205974
-0.168121
0.50481
0.371966
0.828371
0.33282
0.0628308
0.37181
-0.276216
-0.158242
-0.321267
-0.532656
0.272743
0.239468
-0.209144
-0.347946
-0.735005
0.45713
0.210016
1.48056
1.36448
0.768266
0.743475
0.84955
0.983374
0.85947
-0.195193
0.193947
-0.695485
-0.506253
-0.281987
0.359605
0.19799
-0.442994
0.0698867
0.128238
-0.0802806
-0.0988498
0.289296
-0.627733
-0.872462
-1.10749
-0.364124
-1.09066
-1.59837
-0.841832
-1.53902
-1.51054
-0.926586
-0.649689
-0.884506
-0.833538
-0.175529
-0.917316
-0.984414
-1.27061
-1.07791
-0.987611
-1.0383
-1.11513
-0.923831
-1.54866
-1.55672
-1.52314
-0.618092
-0.154265
-0.414819
-0.0147003
-0.678652
-0.839389
-0.854305
-0.883281
-1.09079
-0.857059
-0.506043
-0.201167
-1.03068
-1.2632
-1.10255
-1.42719
0.639667
0.479485
0.882379
1.03731
0.70159
-0.199373
0.134471
-0.40027
-0.452661
-1.03342
-1.31162
-1.52795
-1.24725
-1.92544
-2.15207
-1.81849
-1.51923
-0.989783
-0.834877
-0.46224
0.823023
0.361753
1.1747
0.43842
0.60826
0.743484
1.06533
0.279533
0.489002
-0.0530996
0.0172413
-0.800745
-0.838031
-1.55468
-1.45927
-0.207533
-0.123127
-0.0174472
-0.10681
-0.128827
-0.139308
0.406043
-0.437681
-0.725603
-0.766559
-0.330403
0.138655
-0.766458
-1.04302
-1.045
-0.768967
-1.6771
-1.72981
-1.77518
-0.569498
-1.24348
-1.27326
-0.74839
-0.2326
-0.35336
0.0645178
-0.667553
-1.16212
-1.57154
-1.14407
-1.13166
-0.912643
-0.942303
-0.761925
-0.621729
-0.752335
-0.565947
-0.101279
0.640288
0.944591
0.776334
-0.023367
-0.0235849
-0.0526213
0.151015
-0.5439
-0.186167
-0.948716
-1.07488
-1.50092
-1.79219
-2.2495
-2.29654
-1.96157
-0.882494
-1.69369
-1.79225
-2.01344
-1.6178
-2.19155
-2.38974
-2.65644
-1.86207
-1.37413
-0.540246
0.254603
-0.372888
-0.98703
-0.887656
-1.36909
-1.89355
-2.43011
-2.68942
-1.83806
-1.27778
-1.93868
-1.74727
-1.1089
-0.405567
-1.00632
-1.28483
-1.18485
-1.28605
-0.787397
0.0248555
0.544557
-0.00508118
-0.613682
-0.298643
-1.00842
-1.17832
-1.04441
-1.06051
-1.19962
-1.07708
-0.72112
-1.12386
-0.827687
-1.36386
-1.62703
-1.65839
-1.87237
-1.98432
-2.3785
-2.4803
-1.76395
-0.802489
-0.376415
-0.443226
-0.583846
-1.27708
-1.56353
-1.49189
-0.8339
-1.22424
-1.73414
-1.80603
-1.8779
-2.3092
-1.96656
-1.82194
-1.70767
-1.22345
-0.838414
-0.991748
-0.643693
-1.12759
-0.816883
-0.0682797
0.328363
0.285725
0.0743472
-0.488834
-0.687613
0.149074
0.378892
0.438541
0.624497
0.406586
0.634174
0.336175
0.256455
-0.053089
-0.0192846
0.070977
0.0681008
0.199208
-0.195504
-0.567239
-0.555343
-0.869797
-1.20489
-1.72471
-1.2517
-1.84782
-1.68207
-1.04645
-1.57635
-1.8531
-1.77641
-1.63918
-1.71772
-1.92494
-2.42374
-2.3444
-1.62927
-1.33147
-1.2156
-1.66941
-1.70947
-1.95693
-1.82819
-2.05183
-1.92273
-1.84361
-1.95018
0.424839
0.568937
0.780034
0.715547
0.875734
0.450946
0.609324
0.876731
0.0476704
-0.0747108
0.163221
-0.123124
0.0330882
0.563571
0.164974
0.439809
0.5702
0.906562
0.415441
-0.0638775
0.204745
-0.664825
-0.937909
-1.2686
-1.20199
-0.988188
-1.68602
-0.0129464
0.280633
0.0130585
-0.275524
-0.00947537
-0.506342
0.0980875
-0.0317407
0.610681
0.750433
0.853343
1.16486
1.07441
1.0042
0.746028
0.347463
1.20694
0.902087
0.360483
0.205921
0.797265
0.332495
0.0832137
0.169772
0.584965
0.64303
0.981131
0.676179
1.02171
0.414344
0.828175
0.973307
0.948467
1.1827
1.35434
1.25254
0.756119
0.840544
1.09851
0.625984
0.621235
1.13595
1.41405
1.51713
1.08468
1.10679
