-2.65652e-05
0.0775621
0.130294
0.145207
0.171264
0.143461
0.112749
0.133433
0.120086
0.108669
0.111991
0.123032
0.101336
0.122889
0.142917
0.14884
0.136029
0.113974
0.109592
0.0983398
0.0740064
0.0811589
0.0729066
0.0631653
0.0539688
0.0503387
0.0444339
0.0496776
0.0553694
0.0676632
0.0368024
0.0493692
0.0217245
0.031046
0.0148379
0.156667
0.137152
0.0866514
0.139528
0.0487881
0.116529
0.0899266
0.0156316
-0.12639
-0.0890234
0.136785
0.142862
-0.195408
-0.184892
0.155525
0.0890388
0.258006
-0.265796
-0.34418
-0.371144
-0.199003
0.0124845
-0.156182
-1.04655
-1.15543
0.158293
-0.208501
-0.164121
-0.201294
-0.500337
-0.376481
-0.222193
-0.0263609
0.05453
-0.129057
-0.256378
-0.422414
-0.00588971
-0.0163638
-0.584236
0.0945278
-0.179931
-0.596107
0.0417979
0.056699
0.0490322
0.0666305
0.0781247
-0.0259301
-0.157413
-0.164746
0.0804037
0.0473706
-0.0351437
-0.150731
0.090576
0.0718021
0.108783
-0.0617504
-0.0292263
-0.21053
-0.0628242
0.00132041
-0.0390219
-0.00356684
-0.0884938
-0.0668379
-0.368041
-0.31886
0.0452317
0.259936
0.227444
-0.127828
0.0602618
0.147193
0.0910889
0.0825056
-0.00387563
-0.0505977
0.0558629
0.0419453
0.10626
0.0706639
0.108483
0.122222
0.0659567
-0.00968087
0.0624018
0.0724682
0.0728662
0.0744322
0.10858
0.118134
0.113439
0.104427
0.118107
0.0853163
0.115058
0.119854
0.11039
0.109693
0.120726
0.137585
0.0875502
0.170157
0.177209
0.209055
0.155311
0.114826
0.132085
0.185359
0.231436
0.175243
0.180395
0.192453
0.169672
0.180114
0.209054
0.207888
0.207967
0.235705
0.187207
0.212184
0.216695
0.218042
0.222121
0.228811
0.234987
0.254992
0.243049
0.229821
0.221755
0.229954
0.232349
0.228928
0.224716
0.219805
0.200892
0.210809
0.196783
0.184868
0.207835
0.169426
0.169589
0.158499
0.158357
0.152499
0.146301
0.144988
0.163897
0.150788
0.143952
0.159532
0.140052
0.159428
0.148344
0.142625
0.109092
0.105549
0.109756
0.128698
0.134314
0.130168
0.133045
0.174913
0.157714
0.138939
0.0874325
0.0939633
0.134695
0.0873795
0.158601
0.154942
0.235287
0.194364
0.204088
0.20093
0.199762
0.196156
0.198871
0.175793
0.21088
0.156588
0.170269
0.17525
0.153679
0.168056
0.163181
0.197469
0.174625
0.171972
0.185161
0.148388
0.162477
0.136877
0.166907
0.210045
0.175094
0.1327
0.156022
0.194105
0.196819
0.195372
0.195669
0.204236
0.203996
0.199109
0.207914
0.189469
0.195501
0.208315
0.200493
0.197254
0.186934
0.178508
0.185448
0.183096
0.191529
0.192479
0.200095
0.205459
0.20624
0.227011
0.240877
0.242498
0.291743
0.28155
0.247526
0.296284
0.284852
0.284533
0.295068
0.298617
0.293523
0.290486
0.311292
0.320079
0.337837
0.362909
0.354493
0.34701
0.353086
0.36561
0.362233
0.375957
0.382596
0.374949
0.380104
0.358523
0.374258
0.377015
0.375735
0.373645
0.376654
0.371352
0.376376
0.346381
0.336195
0.384599
0.412344
0.404702
0.497381
0.500731
0.447077
0.561927
0.569742
0.675029
0.71442
0.715332
0.681801
0.639987
0.70521
0.626352
0.615126
0.581069
0.684226
0.686994
0.682366
0.715235
0.661193
0.588602
0.571652
0.416335
0.539645
0.446178
0.437791
0.622937
0.607034
0.605797
0.543165
0.549304
0.516114
0.536799
0.490185
0.526473
0.487774
0.476635
0.490361
0.427432
0.387899
0.379781
0.417648
0.292538
0.340899
0.374963
0.328554
0.322966
0.302576
0.293421
0.259671
0.256694
0.278018
0.255935
0.250521
0.255454
0.251828
0.199122
0.218836
0.233457
0.225511
0.234004
0.252235
0.275149
0.292356
0.283935
0.293049
0.259101
0.293744
0.264789
0.301987
0.32212
0.281317
0.274363
0.168274
0.219347
0.24678
0.407
0.29954
0.201124
0.080169
0.331846
0.305544
0.289149
0.334039
0.335386
0.306533
0.307662
0.290472
0.293118
0.308843
0.309441
0.324368
0.328071
0.332218
0.316345
0.373859
0.0711353
0.355335
0.428082
0.430037
0.401889
0.37741
0.362917
0.379072
0.3949
0.402227
0.427356
0.434514
0.43452
0.432874
0.44367
0.426831
0.440749
0.4622
0.422266
0.458248
0.468109
0.481891
0.532838
0.570892
0.620668
0.623024
0.59918
0.551382
0.662736
0.64703
0.708091
0.742904
0.692831
0.679591
0.698202
0.842861
0.853564
1.0727
1.15278
1.2632
1.25381
1.20385
1.10674
1.07129
1.05042
1.52228
1.56913
1.59727
1.58268
1.57616
1.75968
1.88293
1.95308
2.2482
2.28273
3.01704
3.09051
3.31507
3.33811
3.35128
3.36022
3.27409
3.41468
3.34892
3.34143
3.23029
3.56761
3.3537
3.2525
3.0463
2.89806
2.94024
2.90141
3.27406
3.2795
3.23876
3.19669
3.16443
3.22908
3.3438
3.1415
2.94338
3.24659
3.43918
3.49292
3.62496
3.46683
3.29716
3.11868
3.45587
3.52889
3.42242
3.26192
3.06787
2.94034
2.7671
2.58826
2.4733
2.402
2.2855
2.34522
2.12302
1.98341
1.77751
1.48743
1.39133
1.34356
1.24009
1.14054
1.23016
1.26968
1.42703
1.31222
1.16245
1.38365
1.36579
1.55938
1.64494
1.48525
1.58513
1.5099
1.44562
2.14534
2.25151
2.17646
2.00506
1.89543
1.73452
1.82897
1.93307
1.9217
1.71561
1.68114
1.43216
1.33272
1.29706
1.02258
2.01946
1.73472
1.54868
1.37945
1.78598
1.47151
1.38203
1.28668
1.61379
1.70963
1.70145
1.61868
1.70951
1.90865
1.90075
1.85661
1.95228
1.91852
1.83887
2.06512
2.03048
2.0701
1.96319
1.89673
1.87525
1.92118
1.72345
1.61304
2.27314
2.259
2.1917
2.01752
1.99537
2.11547
2.0061
1.79981
1.93271
1.88605
1.72273
1.72856
1.67204
1.85523
1.68422
1.5233
1.39301
1.47916
1.23357
1.53567
1.62524
1.54606
1.52982
1.39647
1.31385
1.18475
1.22686
1.12254
0.869696
1.16144
1.1543
1.13547
1.13911
1.19909
1.22529
1.20933
1.28065
1.19873
1.18307
1.22679
1.14939
1.12582
0.989105
0.814438
0.953776
0.969688
0.827924
0.829372
0.916228
0.863323
0.860556
0.789806
0.816777
0.756988
0.63792
0.560429
0.510809
0.547785
0.620524
0.595294
0.561089
0.491289
0.43988
0.575816
0.586738
0.572348
0.621791
0.60626
0.576671
0.570922
0.541281
0.644485
0.659731
0.724923
0.646546
0.668228
0.604006
0.648977
0.679848
0.76085
0.720682
0.767077
0.720237
0.674323
0.645034
0.798584
0.616518
0.514521
0.624967
0.547013
0.581562
0.583845
0.693063
0.739671
0.712977
0.707651
0.711546
0.71338
0.707057
0.708012
0.705437
0.725099
0.738663
0.700247
0.711585
0.699328
0.679997
0.647195
0.604955
0.552472
0.521497
0.452972
0.471074
0.487697
0.498814
0.492346
0.499047
0.483597
0.495616
0.497062
0.493371
0.494244
0.421867
0.430544
0.40724
0.395736
0.388991
0.386053
0.442089
0.42675
0.355881
0.399922
0.36643
0.338345
0.355696
0.343728
0.34076
0.355577
0.341905
0.369819
0.337234
0.318073
0.318385
0.334051
0.33334
0.343389
0.368301
0.355494
0.335874
0.323356
0.291171
0.299447
0.273316
0.320513
0.39047
0.502685
0.439601
0.37494
0.384935
0.450235
0.47769
0.536519
0.468972
0.477239
0.491364
0.497079
0.501867
0.494666
0.437302
0.489629
0.454304
0.455061
0.427037
0.330261
0.359347
0.421324
0.382961
0.381952
0.361221
0.340021
0.319026
0.341614
0.29123
0.356034
0.295991
0.26808
0.160929
0.170271
0.23853
0.24759
0.295871
0.251167
0.336735
0.326013
0.322133
0.288463
0.263827
0.276227
0.327168
0.32836
0.313926
0.314362
0.299646
0.284971
0.280856
0.255285
0.291578
0.279928
0.327953
0.303058
0.310631
0.370276
0.382066
0.348368
0.302863
0.303913
0.267914
0.286407
0.261111
0.259217
0.308155
0.284689
0.27561
0.2313
0.212431
0.229554
0.188755
0.191469
0.213331
0.222781
0.231445
0.248113
0.233454
0.253748
0.255994
0.269719
0.256274
0.0249556
-0.16626
-0.143154
0.295817
-1.34549
-1.21465
-0.554346
-0.516341
-4.85699
-5.64694
-0.00581373
-0.118984
-1.29377
-0.39272
-0.312409
0.0397416
-0.194794
-0.883498
-1.50932
-0.168989
-0.604663
-0.374609
-0.220331
-0.0940854
-0.188802
-0.138789
-0.145791
-0.195792
-0.237797
-0.427298
0.0260905
-0.123732
0.0161041
-0.0771713
-0.0697125
-0.173409
-0.204241
-0.150931
-0.19381
0.479826
0.149864
0.22751
0.399447
0.214328
0.642602
0.198978
1.25024
0.791875
2.19239
0.153469
0.59148
0.435783
0.827178
-0.0312296
0.368556
0.0916177
1.89532
1.10561
0.319277
-0.604149
-0.237773
1.51145
0.906546
1.02277
1.57523
-0.00762899
1.91289
0.845135
0.701956
-0.335681
1.33468
0.148286
-0.448853
0.987877
-0.406147
-0.970406
-1.68989
-1.43159
0.716392
-0.696767
0.967883
-0.384069
-0.548553
1.80725
0.491119
-0.379895
-0.567778
-0.283983
1.8434
0.826528
-0.045695
-1.03101
0.713827
-0.896702
-2.32048
0.906591
0.089917
0.209124
0.593817
1.33767
0.466767
0.388315
-0.489027
-0.447137
-0.581195
-1.47815
0.923989
0.242135
0.0623359
-0.656931
-0.694508
-0.52417
-0.69696
1.00593
0.288874
-0.137622
-0.518306
0.137243
-0.335021
0.71754
-0.0889726
-0.521549
0.503445
-0.168069
-0.140237
0.414737
0.586173
-0.328386
1.44398
0.542518
0.562994
0.357628
-0.0983777
-0.405781
-0.327793
0.0530815
-0.502639
-0.637946
-0.995161
-0.988495
0.0106033
-0.637684
-0.466637
-0.117655
0.769084
0.124988
-0.499903
-0.604448
-0.678311
-0.690644
-0.294912
0.625889
-0.5512
-0.941619
-0.569594
-0.960829
-0.959055
-0.436292
-0.425925
-0.905101
-0.461128
0.325781
0.264579
-0.615263
-1.09372
-1.10708
-1.74248
-1.32356
-1.57688
-1.80213
-2.07906
-0.472104
-0.441852
0.922669
-0.182361
-0.583916
-0.132421
-0.264754
-0.684216
0.229266
-0.719798
0.468414
-0.974273
0.379108
-0.275982
-1.11023
0.315229
0.537548
0.48782
-0.208279
-0.356073
1.10204
0.817149
-0.264609
-0.717673
-1.13418
-0.967478
-0.823704
-0.64606
-1.12291
-1.32818
-0.913721
-0.743558
-1.24015
-1.33074
-0.477234
-0.873401
-1.32804
-1.32034
-1.36887
-1.81076
-1.47711
-1.74692
-0.182437
-0.892764
-0.507666
-0.922154
-1.16041
-1.55434
-1.1457
-0.212771
-1.00019
-0.391801
-0.776312
-0.0858007
-0.73432
-1.12112
-0.593735
-1.37216
-0.84892
-0.965272
0.482741
0.0319491
0.617623
-0.242492
-0.543733
-0.888524
-0.42663
-0.45915
-0.930064
-1.50657
-0.626785
-0.877351
-0.958935
-0.487922
-0.724284
-1.02267
0.757147
-0.266303
-1.06369
-0.0462013
-0.191062
0.604642
-0.234362
0.65704
0.344381
0.187863
0.132029
-0.63928
0.757383
0.255956
-0.0595707
0.261225
0.933488
0.687367
-0.212351
0.797622
-0.307023
-0.921725
0.11793
-0.352722
-0.72564
-0.331879
-0.14312
-0.968613
-0.800275
-1.01131
-1.39136
-1.25861
-1.258
-1.07382
-1.11268
-0.622022
-0.901579
-1.45021
-0.951393
0.0467686
-0.0991883
0.443557
-0.22422
-0.856688
-0.143146
-0.231586
-0.318999
-0.853695
-1.19988
-0.941886
-0.464514
0.0445691
-0.36714
-0.613041
-0.0955509
0.110303
-0.210336
-0.263225
-0.167802
-0.592775
-0.162666
-0.450513
-0.275139
0.21146
-0.398646
-0.601294
-0.62071
-0.614594
0.0679955
1.01777
-0.00211368
0.163329
0.310571
-0.369113
-0.494394
-0.159548
0.317934
-0.451601
0.239237
0.734125
-0.189598
-0.578552
-0.499535
0.31934
-0.0686453
-0.494386
0.290784
0.224148
0.326864
0.341186
0.202223
0.474521
-0.297346
-0.354745
0.0695604
-0.00884741
0.697031
0.0384509
-0.373495
-0.367964
-0.242913
0.0337573
0.55514
-0.590027
0.484694
-0.104252
-0.376887
-0.589113
0.674403
-0.22652
-0.173478
-0.531916
0.816839
0.0848463
2.10138
0.482532
2.85431
2.33685
2.05658
1.96862
0.572688
0.810918
0.355614
-0.222563
1.6814
1.08376
0.0273037
1.27005
0.710297
0.722833
0.631627
1.37303
0.153122
-0.144266
0.123974
1.21602
0.454718
1.28846
0.47774
1.25211
0.40006
0.126129
0.565731
0.758427
-0.0165221
0.397792
-0.295698
1.14995
1.42202
0.366726
0.881103
0.454945
0.909856
0.223797
1.26216
1.4299
1.26787
0.993589
0.916025
0.290939
1.26852
0.0543843
-0.0278832
-0.40874
0.580842
0.850652
0.895768
0.573209
-0.0627247
0.816454
0.480102
0.999961
0.50847
1.3543
0.0310154
0.990391
1.43706
0.962598
0.855049
0.210352
0.0106272
0.500941
1.69834
0.665909
0.744338
0.340974
-0.22339
0.536738
0.702499
-0.0906593
0.707631
-0.179073
0.999468
0.116092
1.18641
0.283675
1.75881
0.298039
-0.469303
0.218406
-0.503331
-0.498618
0.733007
0.666963
0.83143
0.35677
0.331532
-0.175582
-0.584468
0.0167084
1.28794
0.120501
0.00868708
-0.0872471
-0.59436
0.145363
0.354607
-0.0382638
0.424787
-0.18973
-0.73663
-0.761339
-0.820948
-0.244924
-0.74985
-0.777047
-0.58355
-0.81948
-0.0317211
-0.378333
-0.559539
-0.7802
-1.11692
-0.274128
-0.366095
-0.738313
-0.782889
-1.00615
-0.338861
-0.463278
0.225018
-0.339553
-0.636104
-0.688945
-0.725779
-0.244319
-0.22356
-0.692249
-0.715191
-0.0207842
-0.510801
-1.13273
-0.861475
-0.779335
-0.897834
-1.04506
-1.05899
-0.896036
-0.469087
-0.691222
-0.641659
0.292962
-0.0776247
0.0719992
-0.340044
-0.679689
0.525727
-0.257787
-0.287045
-0.596715
-0.770191
-0.894217
-0.995364
-0.362856
-0.675612
0.203166
-0.291845
-0.398076
-0.932214
-0.722885
-0.322795
-0.416802
0.00777459
-0.690191
0.198053
0.757535
0.285031
0.529559
0.493789
-0.268989
0.436341
-0.247391
-0.191143
-0.879601
-0.219027
-0.537577
0.384134
0.00243019
-0.459816
-0.689285
-0.444103
-0.687879
-0.363706
0.463816
-0.268257
-0.569548
-0.46091
-0.785352
-0.826187
0.0456459
-0.169316
-0.445847
0.483797
0.231595
0.70558
-0.0238917
-0.55715
-0.543742
-0.739093
0.174643
0.487282
-0.24352
1.21032
-0.185375
-0.184322
0.939666
-0.0448493
-0.157334
0.251348
0.355228
-0.0986888
0.215348
0.165793
-0.52854
-0.0990157
-0.650459
1.00229
0.0991776
0.665523
0.0326473
0.15165
-0.397837
0.894242
-0.00400327
-0.199372
-0.306604
-0.0376149
-0.625436
-0.26474
-0.823166
-0.720438
0.38803
-0.450132
-0.333174
-0.192653
-0.685661
-0.139162
-0.0209739
0.0333719
-0.553971
0.508683
0.831201
-0.255157
-0.218588
-0.520519
-0.478587
0.814477
-0.204425
-0.549568
-0.908637
-1.06501
-0.949129
-0.926729
-1.43421
-1.40862
-0.535195
-0.869778
-0.988739
-0.88036
-1.06402
-0.270242
-0.319606
-0.850845
-0.961317
-1.20397
-0.609846
-0.591371
-0.938194
-0.99624
0.727877
-0.079216
-0.375586
-0.637024
-0.808327
0.313669
-0.214702
-0.43094
-0.8829
-1.1984
-1.18327
-1.24553
-1.12117
0.0334813
-0.288322
0.166674
-0.295835
-0.616129
-1.2725
-0.919399
-0.255565
-0.982646
-0.792987
-0.249488
-0.355884
-0.870031
-0.771339
-0.392905
-0.114962
-0.476002
-0.486758
0.575615
-0.150713
0.273987
-0.359063
-0.660467
-0.953257
-0.985593
0.127328
0.026637
-0.398736
-0.37064
0.957651
0.454397
-0.299605
-0.826248
-0.845761
0.134449
-0.469319
-0.460232
0.825923
-0.208042
-0.548542
0.220036
-0.524803
-0.520786
-0.0913954
-0.373987
-0.669288
-0.569259
-0.777327
-1.08486
-1.06761
-0.992102
-1.13817
-0.507454
-0.967612
-0.544591
-0.802505
0.113573
0.238065
-0.0268271
-0.173075
-0.0453304
-0.5684
-0.408633
-0.844714
-0.0838221
0.623555
1.2266
-0.0595871
-0.397165
-0.671116
-0.867859
-0.984563
-0.264925
-0.769079
-0.727466
-1.02966
-1.08008
-0.610287
-0.755174
-0.464735
-0.706631
-1.16735
-0.782972
-0.990543
-0.75224
-0.79053
-0.746311
-0.0282435
0.156613
0.23551
-0.313217
-0.631503
-0.522759
-0.786505
-0.872596
-1.03034
-1.24131
-1.56651
-0.555654
0.110779
-0.207183
0.103421
0.684925
0.174583
0.497567
-0.396263
-0.705123
-0.419783
-0.172366
-0.990048
-1.20058
-0.647156
-0.335344
-0.805068
-0.996154
-0.671436
-1.1073
-0.757224
-0.733876
-0.567916
-0.0875926
0.136697
-0.15363
0.0312023
-0.464835
-0.834669
-0.830639
-0.738285
-0.127573
-0.343776
-0.557085
-0.249431
-0.667375
0.233547
-0.21459
-0.696767
1.1249
0.881609
0.671225
0.0993493
0.082191
-0.331391
0.188297
-0.621486
-0.666845
-0.779827
-0.448519
-0.712669
-0.226102
-0.0795363
0.136341
-0.477403
-0.419246
-0.487521
-0.650322
-0.941337
-1.0782
-0.0346473
-0.395668
-0.563962
-0.0491767
-0.504165
-1.00334
-0.526381
-0.721884
-0.978587
-0.550988
-0.349468
-0.58668
0.364697
0.0324445
-0.159231
0.374051
0.0848841
0.367277
-0.72164
0.0248055
0.034838
0.419877
0.0152044
-0.0374664
-0.0883643
0.414657
1.10678
0.0636957
0.289951
0.203309
0.153692
-0.201764
-0.516573
-0.379032
-0.604586
-0.863253
-0.0615348
-0.308588
-0.314591
-0.918087
0.242204
-0.385194
-0.56995
-0.896837
-0.779284
-0.680129
-0.81744
-0.940074
-1.04186
-0.73514
-1.01984
-1.28901
-1.13615
-1.32204
-1.43011
-0.0599501
-0.268078
-0.943382
-0.754437
-0.861589
-0.846583
-0.895249
-1.06618
-0.746777
-0.722937
0.281536
-0.123804
-0.103483
-0.399302
-0.168649
-0.0171276
-0.543553
-0.760751
0.365952
-0.120577
-0.655885
-0.52412
-0.536096
-0.235883
-0.534535
-0.838859
-0.0856028
-0.0755268
-0.459332
-0.704403
-0.840676
-0.554198
-0.585598
0.0756094
-0.697724
-0.393531
-0.424569
-0.608172
-0.866284
-0.757398
-0.565744
-0.314724
-0.252119
-0.699395
-0.0831922
-0.0754104
0.00433041
0.0646077
-0.420004
0.756135
0.163078
-0.225523
-0.219
0.416546
-0.186658
-0.251884
-1.04779
-0.705071
-0.541749
-0.771114
-0.527377
-0.684025
-0.548242
-0.595231
-1.04813
-0.918518
-0.749535
-0.85426
-0.663639
0.313725
0.384385
-0.464246
-0.628495
-0.231576
-0.521917
-0.396514
-0.627513
-0.682926
-0.795045
-0.464811
-0.505383
-0.636439
-1.0641
-0.89979
-1.02618
-0.944194
-0.866302
-0.941284
-0.502174
-0.00208721
-0.368968
-0.502689
0.0356163
-0.405245
-0.941409
-0.466043
-0.626515
0.382788
-0.397755
-0.424785
-0.542458
-0.86184
-0.494425
-0.580435
-1.10429
-0.737558
-0.172021
-0.566148
-0.712345
-0.456509
-0.666195
-1.23429
-1.12699
0.0931264
0.246795
-0.219353
-0.689433
-0.71864
-0.751279
-0.940113
-0.172678
0.819018
-0.0395708
-0.291391
0.0745313
0.0731515
-0.233295
0.863615
0.16931
-0.770174
0.160709
0.355215
-0.34148
0.160912
-0.505609
-0.305985
-0.30393
-0.684955
-0.462099
-0.3384
-0.714132
-0.346302
-0.585132
-0.951662
-0.625139
-0.918648
-0.442289
0.423287
-0.303094
-0.38931
-0.609805
-0.917965
-0.658059
-0.988104
-0.0353784
-0.362271
-0.172589
-0.0914724
-0.530663
-0.449881
-0.733563
-0.566339
-0.443601
-0.143438
-0.73193
-0.70835
-0.175628
-0.143464
-0.623263
-1.08547
-0.0284111
0.20204
-0.198047
0.147464
0.856163
0.273486
0.194933
0.0609225
0.222336
-0.581974
-0.491879
-0.536774
-0.972006
-1.04666
-0.405027
-0.644165
-0.482646
-0.719967
-0.869361
-1.01438
-0.956443
-0.239519
-0.280248
-0.871426
-1.01341
-0.211077
-0.668973
-0.736812
-0.197253
-0.51632
-0.705205
-0.274349
-0.158628
-0.623739
-0.72232
-0.382515
-1.00851
-0.569103
-0.741153
-1.10748
-1.17055
-1.02684
-0.499672
-0.367438
-0.797184
-1.4796
-1.13268
-0.587194
-0.947538
-1.08719
-1.03464
-0.36601
-0.535394
-0.767353
-0.774106
-0.591044
-0.413106
-0.725198
-0.851962
-0.881708
-0.415401
-0.74812
-0.600526
-0.649756
-0.478506
-0.545699
-0.654507
-0.706318
-0.583224
-0.872343
-0.821207
-0.0335584
0.1515
-0.61487
-0.525239
-0.694655
-1.05917
-0.734148
-0.898468
-0.596929
-1.04348
0.4174
-0.222355
-0.301738
-0.144982
-0.758188
-0.603741
0.192698
-0.478559
-0.782567
-0.350469
-0.600177
-0.939976
-0.249842
-0.398253
-0.463759
-0.578259
-0.722076
-0.577412
-0.680881
-0.996596
-0.919525
-0.804401
-1.00892
-1.14538
-1.53628
-1.02512
-0.879681
-0.470285
-0.600936
-1.18995
-0.662017
-0.802164
-0.281669
-0.663191
-0.553135
-1.03815
-0.276102
-0.308066
-0.189116
0.491742
0.139345
-0.175182
-0.539108
0.266024
-0.235169
0.252204
-0.576035
0.376411
0.68864
0.92101
0.664311
0.836824
-0.199126
-0.173895
-0.892021
0.0110363
0.0869307
0.738667
0.240226
0.301226
-0.0503542
-0.750247
0.259627
-0.313813
-0.532382
0.152057
-0.600479
-0.825945
-0.42698
-0.563998
-0.811263
-1.02504
-0.839217
-1.1476
-1.15139
-1.19595
-1.32308
-0.524029
-0.80484
-0.99091
-0.730511
-0.701688
-1.12256
-1.07125
-1.01575
-0.547333
-0.36509
-0.771687
-1.00777
-1.41415
-0.578867
-0.860342
0.29551
-0.136025
0.535837
0.0923844
-0.0831852
0.744199
1.0824
0.181077
-0.280738
-0.638084
-0.979999
-1.03737
-1.16792
-0.780371
0.0639023
-0.435952
0.409366
0.0877168
0.324559
0.801191
0.223786
0.138328
-0.416491
-0.337123
-0.0522766
0.340838
-0.445638
-0.431283
0.312681
0.00368332
-0.470433
0.177991
0.281749
0.195021
0.204438
0.363184
0.471316
-0.158292
0.083438
-0.310134
-0.597894
0.000495193
-0.350732
0.164765
-0.15699
-1.03572
-1.17659
-1.0796
-0.704846
-0.730793
-0.901535
-1.05785
-0.947012
-1.01882
-0.648546
-0.561358
-0.544862
-0.965673
0.356924
-0.2775
0.587676
-0.303066
0.248271
0.0185367
0.413348
-0.135814
0.18069
-0.166825
0.0554522
-0.527669
-0.554943
0.374943
-0.301522
-0.674068
0.240854
-0.0184728
-0.279939
-0.564457
-0.32773
-0.565064
-0.657322
-0.797709
-0.627233
-0.607339
-0.894087
-0.746965
-1.02729
0.178575
0.350463
-0.422423
-0.629898
-0.690344
-0.849846
-0.765549
-0.734636
-0.691617
-0.0355856
0.225742
-0.473524
0.0962678
-0.287783
-0.681237
0.31744
-0.319549
-0.550104
-0.876234
-0.00216981
-0.652741
-0.811195
-1.06913
-1.30424
-1.18138
-1.07997
-0.0485361
0.121309
-0.607863
-0.333785
-0.56481
-0.89603
-1.03708
-0.301182
-0.758967
-0.466
-0.805159
0.0854246
-0.141778
-0.121368
-0.618817
-0.50531
-0.798764
0.0117216
-0.348188
-0.326435
-1.00758
-0.315523
-0.72054
-1.01676
0.679524
-0.152041
-0.161366
-0.532706
-0.821127
-0.392426
0.461428
-0.292221
0.199939
0.183365
-0.36774
-0.796685
-0.198266
-0.62402
-0.886124
-0.60905
-0.742474
-0.412684
0.112934
-0.301774
0.276581
-0.0282783
-0.651303
-1.19253
-0.913551
-0.917309
-1.09026
-0.471047
-0.828188
0.143921
-0.115153
-0.774862
-0.885619
-0.859555
-0.359187
-0.581204
-0.221163
0.877487
1.48343
1.81829
0.680874
1.7472
1.37011
-0.0260176
-0.0769992
1.26838
0.99207
0.120476
0.632471
1.11446
0.619055
0.0620868
-0.232202
-0.631175
0.142836
-0.0743124
-0.416336
0.57068
-0.0484585
0.399533
-0.269598
-0.492824
-1.02976
0.984778
-0.0335613
0.72862
-0.206256
0.419445
0.845686
0.00457112
0.0669753
0.149212
-0.642082
-1.03406
-0.549428
-0.501941
0.407019
-0.22122
-0.654055
-1.19352
-0.385892
0.426648
0.276587
-0.190392
-0.561818
0.112641
-0.673945
-0.585981
0.131449
-0.168687
-0.582389
-0.965807
-1.30001
-0.0881111
-0.618456
-0.653519
0.109973
0.298802
0.565207
-0.305758
0.537572
-0.309421
-0.638842
-1.06074
-1.33456
-1.01641
-0.926165
-0.743126
-0.127021
0.224776
0.425871
0.920929
0.145922
0.00869562
-0.0093328
-0.4491
0.685332
-0.114166
0.0878785
0.564156
0.61874
0.829503
0.314058
0.184307
0.298019
-0.519435
-0.661376
-0.0083239
-0.327857
0.0690817
0.441769
-0.499702
0.383418
0.96947
0.468239
-0.440998
-0.171545
1.05312
0.808217
0.986471
-0.078136
0.29531
-0.245247
1.00688
0.814202
0.665456
0.385778
-0.0137862
0.963586
-0.0351406
0.788837
-0.0421117
-0.510096
0.657748
0.609519
-0.329312
-0.679818
0.0989437
0.75463
0.7338
0.738662
-0.117445
-0.777706
0.360296
0.362557
-0.348388
0.118266
-0.114315
-0.220692
0.976913
0.106176
-0.414483
-0.688304
-0.971491
0.0138611
-0.141455
-0.85753
0.505947
-0.478872
-0.91856
-0.584568
-0.603782
-0.837294
-0.92583
-0.989552
-0.499524
-0.654552
-1.04336
-0.214853
-0.317498
-0.649105
-0.272641
-0.521981
-0.125036
0.121709
0.375007
-0.252488
-0.584516
-0.06607
0.148066
-0.415388
-0.781751
-0.452757
-0.666664
-0.95455
-0.565776
-0.991656
-1.15772
-1.10753
-1.0887
-0.235401
-0.222442
-0.25114
-0.0530796
-0.0059213
-0.482974
-0.760542
-1.04174
-0.155324
-0.140746
-0.431851
-0.130233
0.237496
0.174892
-0.403048
-0.704051
-0.408443
-0.628978
0.158512
-0.191669
-0.365826
-0.453024
-0.617758
-0.718922
-0.58913
-0.726323
-0.50233
-0.711193
-0.669929
-0.950163
-0.203819
-0.126957
-0.39739
-0.862895
-0.598158
-0.720535
-0.494936
-0.688981
-0.727026
0.233224
1.7122
1.0165
0.900365
0.827085
0.620279
0.0578349
0.238906
-0.0673684
-0.628367
0.20685
-0.157911
-0.194939
-0.606455
-0.408318
-0.671895
-0.673588
-0.877886
-0.686427
-0.670317
-0.454921
-0.628463
-0.978995
-0.997003
-0.803297
-0.939784
-1.17106
-0.53071
-0.866331
-1.10394
-0.344475
-0.874907
-0.88327
-0.943403
-0.672438
-0.980043
-0.929205
-0.397673
-0.718461
-1.005
-1.0041
-1.32227
-1.34473
-0.757115
-0.855654
-0.754709
-0.59659
-0.653447
-0.936512
-0.845425
-0.737375
-0.809278
-1.23643
-0.929878
0.912534
0.611793
0.564121
-0.316436
0.0301152
-0.53979
-0.602956
-0.56018
0.172036
-0.119008
-0.420172
-0.113085
-0.0439621
-0.228293
0.0115737
-0.0983361
-0.38223
-0.450803
-0.569606
-0.809707
-0.970746
-0.518473
0.232031
-0.282629
-0.627449
-0.864188
-0.784783
-0.363345
-0.824063
-1.08767
-1.58612
-1.04115
-0.788205
-0.918572
-0.922308
-0.764146
-1.13455
-0.298784
-0.247125
-0.490377
-0.677299
0.878294
-0.0688552
0.0293592
-0.398785
-0.671137
-1.26537
-0.323282
-0.706891
-0.640654
-0.667707
-0.388674
-0.605415
-0.958165
-0.565097
-0.686352
-0.952379
-1.14585
-1.12864
-1.31009
-0.715104
-0.679837
0.199329
-0.624471
-0.32336
-0.66823
-0.45413
-0.0798815
-0.32645
-0.795105
-0.815093
-0.555913
-0.701137
-1.02575
-1.02283
-1.08524
-0.162048
-0.583896
-0.613618
-0.210854
-0.356345
-0.667652
-0.797362
-0.886802
-0.885792
-0.866744
-0.876944
-1.10193
-0.929586
-1.03987
-0.944738
-0.809453
-0.686566
-0.183313
-0.0416053
-0.447001
-0.68819
-0.481963
-0.807923
-1.0754
-1.07858
-0.476944
-0.926366
-1.03358
-0.811638
-0.523202
-0.6739
-0.482702
-0.549058
-0.284928
-0.93782
-1.13413
-0.692906
-1.08969
-1.35699
-1.38362
-1.16536
-1.27191
0.0626529
-0.16515
-0.823384
-0.931625
-1.06277
-1.19676
-1.02659
-0.884814
-1.07271
-0.669055
-0.336671
-0.723756
-1.02471
-1.33008
0.0572252
-0.659658
-0.895578
-1.04257
-1.19441
-0.536413
-1.01607
-0.78774
-0.855636
-0.868705
-0.94896
-0.842228
-0.94064
-1.13399
-1.04105
-1.10796
-0.608976
-0.360461
-0.240317
-0.524389
-0.772244
-0.143503
-0.753675
0.0260655
-0.0966621
-0.514409
-0.712871
-0.962483
-0.782055
-1.07356
-1.12793
-1.18198
-0.956828
-1.01648
-1.04006
-1.15428
-1.13994
-1.04524
-0.723739
-0.792184
0.383706
-0.225423
-0.284328
-0.476688
-0.633289
-0.549372
-0.579898
-0.977939
-1.24931
-1.11924
-0.267682
-0.450534
-0.727191
-0.707543
-1.00479
-0.993788
-1.04827
-0.944746
-0.85915
-1.02405
-1.16783
-1.29266
-0.404244
-0.205969
-0.854415
-1.43829
-1.22969
-1.47089
-0.479386
-0.0698848
-0.045851
-0.390268
-0.826832
-0.873288
-0.164003
-0.133612
-0.509784
-0.675388
-0.185367
-0.658617
-0.667678
-0.914638
-1.07085
-0.51887
-0.622968
-0.957433
-1.0083
-1.05473
-0.99372
-1.23849
-1.12541
-1.25256
-1.02367
-1.1858
-1.03188
-0.881405
-1.16869
-1.07798
-1.27837
0.204683
-0.656864
-0.0452952
-0.690432
-0.911289
0.404607
-0.421518
-1.10069
-0.137141
-0.409406
-0.714534
-0.839114
-1.14356
-1.22628
-0.883956
-0.385646
-0.622751
-0.259358
-0.564355
-0.893897
-0.946674
-0.118705
-0.263278
-0.598067
-1.05046
-1.22505
-1.31402
-1.07087
-1.09265
-0.957421
-1.19875
-1.06483
-1.23647
-0.839447
-1.08047
-0.768522
-0.64109
-0.791414
-1.01652
-0.522424
-0.761769
-0.997731
-1.01723
-1.07035
-0.978039
-0.916965
-0.984762
-1.25883
-0.924906
-1.0965
-0.532351
-0.608203
-0.944375
-0.711774
-0.786898
-0.370121
-0.673574
-0.809151
-0.895817
-1.22979
-1.00833
-1.01228
-1.04436
-0.996418
-0.730335
-0.965948
-0.936098
-0.843577
-0.66783
-0.109459
-0.343809
-0.665294
-0.519191
-0.87455
-0.788027
-1.09061
-0.14425
-0.624878
-0.105246
-0.339714
-0.826036
-0.881972
-1.12658
-0.728392
-0.597242
-0.758619
-0.762134
-1.08578
-0.814165
-0.249092
-0.18356
-0.502124
-0.623408
-0.946685
-1.01432
-1.22988
-1.05598
-0.977325
-0.84916
-0.374153
-0.33056
-0.480741
-0.195616
-0.494427
-0.824588
-0.645887
-0.233619
-0.159792
-0.58609
0.0619533
-0.596798
-0.5232
-0.0483449
-0.622056
-0.993627
-1.17504
-0.0761201
-0.306986
0.168491
-0.522515
-1.23044
0.73444
1.8754
1.20926
0.253264
1.54382
0.888861
0.673631
-0.170451
0.454943
0.535931
-0.190533
-0.335254
-0.39882
-0.826725
0.389425
0.381259
0.327321
0.248241
0.514
0.0693077
0.317936
-0.565815
-0.998852
-0.754894
0.534806
-0.421145
-0.491471
-0.443233
-0.752254
-1.11376
0.310902
-0.243671
-0.446768
0.825779
1.04317
1.32806
1.03604
0.156528
0.307772
0.954805
0.460619
0.400734
0.173459
0.865634
0.22199
0.661549
-0.00687544
0.0953271
-0.442018
-0.148366
0.20254
-0.324715
-0.292371
-0.132501
-0.238931
0.207079
-0.282117
0.04084
-0.674062
-0.225582
-0.530163
-0.316194
-0.696389
0.148925
-0.382606
-0.999221
-0.109122
-0.0709019
-0.386103
-0.99064
-0.387532
-0.572307
-0.928853
-0.685813
-0.331034
-0.792734
-0.90898
-0.906364
-0.886972
0.119214
0.386322
-0.121774
-0.0350009
-0.407825
-0.743626
-0.25059
-0.795203
-0.782171
-1.02952
-0.990103
-0.940211
-0.828754
-0.863684
-0.782609
-0.792593
-0.849283
-0.491376
-0.753681
0.331452
-0.459262
-0.0525285
-0.275391
-0.752129
-0.975532
-0.759031
-0.351974
-0.0651927
0.0789074
-0.31592
-0.184044
-0.0796828
-0.469834
-0.694726
-0.684008
-0.915451
-0.859019
-1.03698
-1.16078
-0.761873
-0.27267
-0.685166
-0.45892
-0.445564
-0.668803
-0.918844
-0.517104
-0.66956
-0.811354
-0.731906
-1.0557
-1.00106
-0.30051
-0.47991
-0.586231
-0.293483
-0.123704
-0.467486
-0.603585
-0.85422
-0.928052
-1.19461
-0.680379
-0.113456
-0.599772
-0.494359
-0.525644
-1.04769
-1.19055
-1.14496
-0.902467
-1.00066
-0.915715
-0.781873
-0.819501
-0.502208
-0.747763
-0.581822
-0.542503
-0.955446
-0.218565
-0.735812
-0.865787
-0.862549
-0.983766
-0.781234
-0.69865
-0.524615
-0.897909
-1.00082
-0.298252
-0.32452
-0.955224
-0.921553
1.3432
1.21953
0.705822
0.27391
0.9753
-0.213452
0.354327
-0.248822
-0.266722
-0.439654
1.1109
1.06392
0.819135
0.0903365
0.397613
0.282331
0.245811
-0.123751
-0.262637
-0.177278
0.791757
-0.203301
0.227736
0.741444
-0.0212506
-0.173422
0.21681
-0.380849
0.58937
0.7028
-0.00890958
-0.11383
0.493487
-0.0246142
0.849248
-0.0242199
-0.0661253
0.492164
1.42107
0.293628
1.04391
0.134599
-0.425186
-0.560696
-0.663061
0.536678
0.849085
-0.182039
0.488867
0.702219
1.13255
1.4945
2.25232
0.768328
-0.0679208
-0.0798744
-0.669843
0.910715
1.69753
0.601584
0.368899
-0.219699
-0.506189
-1.00675
-0.499955
0.217212
-0.177936
-0.035359
0.284539
0.520179
0.00786591
-0.44421
-0.242196
-0.0907802
-0.453926
0.459113
0.118801
-0.871673
-0.414247
-0.536845
-0.991312
-0.204326
-0.823317
-0.929139
0.225635
-0.263415
-0.732914
-0.064646
-0.692393
-0.756515
-0.688628
-0.330459
-0.918012
-0.96105
-1.18538
-1.12844
-0.39325
-0.566495
-0.818104
-0.355537
-0.0939779
-0.572263
0.398205
-0.124517
-0.227808
-0.700554
-0.550981
-0.919119
-0.818028
-1.00343
0.0663569
0.53649
-0.305447
-0.219245
-0.384897
-0.607366
-0.332258
0.179652
-0.479092
-0.732652
-0.746244
-0.628241
-0.830477
-0.561712
-0.879545
-1.10261
-0.379088
-0.97274
-1.2843
-1.11171
-1.09378
-1.10484
-0.19346
-0.706961
-1.10558
-0.73457
-0.736107
-1.02646
-0.487167
-0.634674
-0.107847
-0.403534
0.387268
-0.402897
-0.63586
-0.551796
1.2003
0.531215
-0.126393
0.0885557
-0.1855
-0.146305
0.143069
-0.428966
0.387427
-0.44207
-0.0092619
-0.215706
-0.70237
0.0988358
-0.27141
0.733227
0.373323
-0.00778602
0.206451
-0.186205
-0.660201
-1.10739
-0.954095
-1.00521
-0.950171
-0.00195514
-0.525797
-0.00461874
-0.497235
-0.778275
-0.0743574
-0.737794
-0.84854
-0.521228
-0.153571
-0.575618
-0.240295
-0.559484
-0.256832
-0.802239
-0.63158
-0.781524
-0.542923
-0.874232
-0.857129
-0.381139
-0.508496
-0.403085
-0.594877
-0.246522
-0.326991
-0.504152
-0.152923
-0.625739
-1.05601
-0.0654482
-0.129071
0.00330036
1.32321
0.890347
-0.304468
0.906087
0.270612
0.330859
0.61398
1.35752
0.202201
0.618126
0.368364
-0.00666682
-0.052013
-0.749513
0.798681
0.227573
-0.192493
-0.182183
0.213641
-0.613981
-0.355138
0.0947455
0.201507
-0.61358
-0.920474
-0.986336
-0.274757
-0.581869
-0.978442
-0.77132
-0.939735
-1.06093
-1.38226
-0.797013
-0.720546
-0.36146
-0.461717
-0.584794
-0.52616
-0.405122
0.335822
0.774503
0.349319
0.474436
-0.234134
0.648022
0.322608
-0.132301
0.203157
-0.449895
0.0101326
-0.477379
-0.698643
-0.510639
-0.2972
-0.600176
-0.492547
-0.799986
-0.569108
-0.56444
-0.902263
-0.90027
-0.738159
0.0162944
-0.331149
-0.575441
-0.867463
-0.732432
-0.883801
-0.833169
-0.868587
-1.04626
-1.10517
-0.54684
-0.767043
-1.14871
-0.907235
-1.09801
-1.02007
-0.467694
-0.77544
-0.564777
-0.756755
-0.177132
-0.142954
-0.259888
-0.88261
-0.104418
-0.651569
-0.962174
-0.590454
-0.146666
-0.917629
-0.338685
-0.748481
-0.953661
-0.701687
-0.494866
-0.757309
-0.878041
-0.529311
-1.14852
-0.705589
-1.09788
-0.154658
-0.0718508
-0.259694
-0.504721
-0.463188
-0.240423
-0.672913
-0.122007
-0.642768
-0.606862
-0.175068
-0.394625
-0.756069
-1.23317
-1.39821
-0.100392
0.557637
0.383848
-0.251238
-0.726354
0.576434
0.131081
0.473383
0.438381
-0.234884
-0.327845
-0.145735
-0.704871
-0.488298
-0.968883
-0.921145
-0.978229
-0.616675
-0.61062
0.0521612
1.08703
1.45505
0.631731
2.02275
0.432205
1.6916
1.49718
1.838
1.76909
1.09631
2.46092
2.21111
2.32555
3.52122
3.17883
3.78405
2.5256
2.49367
0.719997
1.63706
1.4326
2.72994
1.31644
2.53818
1.69656
1.71129
0.999804
1.92918
1.38846
0.954846
2.55911
0.653928
1.44201
0.80975
0.412073
1.38563
1.14186
0.112422
1.30312
1.04361
1.442
1.07366
-0.184031
0.362193
0.494532
-0.102287
1.03406
0.541768
1.27037
0.311211
0.0197894
-0.145112
0.155498
0.62532
-0.273554
0.743376
0.887599
0.622751
-0.103297
1.34419
0.579449
0.721988
0.077544
-0.725211
-0.0295812
0.346256
-0.511223
-0.596334
-0.533796
-0.131471
0.380872
-0.439956
0.979831
0.458996
-0.0167577
-0.220888
2.03036
0.773906
0.37593
0.862213
-0.0760063
-0.544051
-0.502864
-0.31423
-0.548126
0.888457
0.514807
1.08047
0.902365
0.410102
-0.0340483
-0.295566
0.400911
0.290386
0.112859
-0.326983
0.24282
0.111294
0.339161
0.237042
-0.456749
-0.806987
-0.336388
-0.596113
-0.417958
0.242292
-0.314198
-0.244089
-0.354082
0.373591
-0.319162
-0.134093
-0.250226
-0.471669
-0.192876
-0.0405646
-0.500871
-0.799183
-0.323361
0.303528
-0.154595
-0.622333
-0.714992
-1.02427
-0.744359
-0.744317
-0.856082
-0.170247
-0.585289
-0.102673
-0.414391
-0.343123
-0.754549
-0.19509
0.403017
1.5278
0.571116
1.33132
1.11726
1.03067
-0.210666
0.38819
-0.138197
-0.523836
-0.0848524
0.36663
0.294139
0.210189
0.982321
-0.0704635
0.670116
0.720053
-0.0777246
-0.133151
-0.391099
0.0701738
0.701718
0.55992
0.844867
0.374247
-0.0807773
0.457368
-0.0402115
-0.336552
-0.847216
-1.16967
0.354694
-0.108966
-0.545219
-0.678293
-0.563606
0.609521
-0.146148
1.4749
0.623663
0.400407
0.419218
0.658652
1.12523
0.915266
-0.13175
0.272006
-0.216149
0.0131429
0.0966005
0.344612
0.399093
-0.219961
0.177752
-0.305832
-0.224747
-0.284145
0.417787
-0.518887
-0.938514
-0.63455
0.0622788
-0.351348
-0.749644
-0.209369
-0.44999
-0.41896
-0.0636205
-0.696846
-0.752766
-0.639433
0.259038
-0.342427
-0.342458
-0.499334
-0.566414
-0.850865
-0.902829
-0.825564
-0.15345
-0.57125
-0.930007
-0.53503
0.166209
-0.119473
-0.297827
0.279454
-0.238095
-0.286903
-0.856844
-0.730123
-0.756869
-0.299265
-0.148022
0.317539
-0.490991
-0.709111
-0.635708
-0.723715
0.809843
0.322623
0.804149
0.693787
0.546526
-0.574032
0.121126
-0.263616
-0.23781
-0.672978
-0.958467
-1.16099
-0.610309
-0.606053
-1.08701
-0.882048
-1.01688
-0.237093
-0.56622
0.146921
1.13193
0.226899
1.07144
0.35978
0.483642
0.512561
0.810021
0.0696122
0.496992
-0.100192
0.106002
-0.639484
-0.401054
-0.784216
-0.830741
0.137682
-0.450216
-0.198528
0.021333
-0.270308
-0.324253
0.555816
-0.254399
-0.736123
-0.751045
0.0571108
0.417928
-0.305673
-0.628203
-0.751695
-0.483985
-0.86739
-0.883694
-0.968444
0.0158892
-0.349268
-0.462858
-0.31066
-0.00418867
0.0746963
0.222677
-0.545023
-0.983444
-0.919734
-0.494214
-0.311745
-0.791591
-0.403961
-0.570457
-0.0950452
-0.209769
0.115839
0.156308
0.903199
0.564794
0.718999
-0.179039
-0.0214837
-0.549747
-0.00617986
-0.494217
0.127769
-0.25522
-0.737253
-0.995193
-0.951096
-1.01155
-1.17094
-0.654481
-0.0413444
-0.605678
-0.758853
-1.02532
-0.84926
-0.933407
-1.00837
-1.01573
-0.650465
-1.05332
0.11962
0.548157
0.0338736
-0.696906
-0.410808
-0.504362
-0.761313
-0.873169
-1.0318
-0.759191
-0.148844
-0.631653
-0.557305
-0.206683
0.0318024
-0.27112
-0.786091
-0.974932
-1.07046
-0.568449
0.252492
0.51435
0.154774
-0.193421
-0.0573814
-0.468722
-0.199449
-0.540684
-0.543191
-0.533628
-0.875306
-0.340212
-0.414381
-0.33665
-0.628304
-0.876926
-0.879046
-0.981051
-0.897733
-0.849554
-0.851522
-0.470356
0.157042
-0.782144
-0.407024
-0.20925
-0.527991
-0.89951
-0.650079
-0.232724
-0.46565
-0.903456
-0.884076
-0.856037
-0.984774
-0.632234
-0.756274
-0.711007
-0.357971
-0.638813
-0.50126
-0.0289564
-0.470178
0.0508688
0.617416
-0.142236
-0.0491371
0.362945
-0.417654
-0.472681
0.574971
-0.17168
0.276704
0.239556
0.528987
0.392084
-0.311296
-0.247616
-0.656997
-0.242045
-0.679793
-0.632024
0.413934
0.128446
-0.395992
-0.329351
-0.567415
-0.782365
-1.10878
-0.71032
-0.921071
-0.697194
-0.0893527
-0.553866
-0.84085
-0.888938
-0.536457
-0.413299
-0.70438
-1.01329
-1.07916
-0.272136
-0.792175
-0.127261
-0.751965
-0.623966
-0.618819
-0.783515
-0.978648
-1.02834
-1.26695
-1.07187
0.679897
0.439782
0.937185
0.56974
0.710109
0.322243
0.282126
1.00539
0.170668
-0.0545411
-0.0191362
0.0603762
0.00741566
0.608868
0.164536
0.352455
0.243043
0.710493
0.346194
0.070986
0.613473
-0.461357
-0.715546
-0.866157
-1.0729
-0.804315
-0.947311
0.492169
-0.368701
-0.619175
-0.775996
-0.4146
-0.953503
0.161375
-0.535823
0.674375
0.29446
0.30241
0.745764
