2.00784e-05
0.0887105
0.133331
0.155949
0.167305
0.173026
0.175874
0.177426
0.178182
0.178635
0.178766
0.178914
0.178937
0.178828
0.179048
0.179021
0.178982
0.178844
0.178853
0.178827
0.178892
0.178935
0.178884
0.17888
0.178907
0.17905
0.17905
0.178882
0.178838
0.178893
0.178923
0.178934
0.178925
0.178933
0.179032
0.178996
0.179447
0.179084
0.179068
0.179238
0.179232
0.178875
0.178933
0.17889
0.178915
0.178908
0.179181
0.178964
0.178912
0.178986
0.178807
0.178771
0.178656
0.17881
0.178859
0.17894
0.179002
0.179132
0.179059
0.179054
0.179
0.178832
0.178832
0.178856
0.178878
0.178871
0.178976
0.17893
0.178896
0.178812
0.178874
0.178888
0.178934
0.178818
0.178943
0.178984
0.178854
0.178866
0.1789
0.179
0.178943
0.178887
0.178856
0.178868
0.178965
0.178958
0.178931
0.179059
0.178858
0.178949
0.17899
0.178849
0.178957
0.178896
0.178922
0.178913
0.17892
0.179003
0.178962
0.178921
0.178843
0.178901
0.178896
0.178949
0.179025
0.179188
0.179342
0.178981
0.17898
0.179182
0.17886
0.178892
0.178869
0.178938
0.178908
0.179066
0.178963
0.17904
0.179109
0.179185
0.178889
0.178863
0.178942
0.178829
0.178862
0.17897
0.178888
0.178906
0.179104
0.178942
0.178721
0.178829
0.178897
0.17893
0.178987
0.17893
0.179156
0.179039
0.179271
0.179086
0.179337
0.179413
0.178995
0.179171
0.179059
0.17892
0.179282
0.178914
0.178811
0.178719
0.179286
0.17922
0.179077
0.17919
0.179272
0.17901
0.178772
0.178862
0.17892
0.178842
0.178928
0.178807
0.179009
0.179298
0.178862
0.178928
0.178872
0.178799
0.17901
0.178897
0.179139
0.179081
0.178892
0.178883
0.178848
0.17888
0.178988
0.178632
0.178718
0.178934
0.178903
0.17895
0.17902
0.178951
0.178892
0.17896
0.178851
0.178948
0.178993
0.178972
0.178855
0.178964
0.178867
0.178876
0.178984
0.178909
0.179056
0.179062
0.178977
0.179022
0.179285
0.179042
0.178913
0.178961
0.178921
0.178727
0.178837
0.179018
0.17883
0.179172
0.179069
0.179125
0.178878
0.179309
0.179216
0.179309
0.179235
0.178689
0.178869
0.179071
0.178958
0.179155
0.179032
0.179242
0.178947
0.179259
0.17897
0.178569
0.178721
0.17875
0.178996
0.17912
0.178812
0.178696
0.178868
0.178797
0.179223
0.179045
0.179058
0.179174
0.179264
0.17902
0.178989
0.17887
0.178749
0.178746
0.178761
0.178996
0.179024
0.179082
0.179126
0.179064
0.179311
0.179138
0.179292
0.179005
0.178912
0.179025
0.178882
0.179153
0.179211
0.17938
0.179278
0.179238
0.178852
0.178803
0.179029
0.178803
0.178841
0.179005
0.178704
0.178644
0.178997
0.179329
0.179207
0.178995
0.179059
0.178915
0.178827
0.178795
0.179014
0.178968
0.178932
0.178879
0.17906
0.178939
0.178756
0.178766
0.17885
0.178981
0.179297
0.179113
0.179079
0.178939
0.179168
0.179207
0.179251
0.178664
0.178944
0.178929
0.179126
0.179185
0.178523
0.17909
0.178763
0.178618
0.178764
0.178999
0.178994
0.179052
0.178976
0.178529
0.178754
0.178818
0.178918
0.178919
0.178963
0.179077
0.178956
0.1792
0.179128
0.178986
0.178608
0.178816
0.178769
0.178842
0.178931
0.17896
0.178888
0.178802
0.178937
0.17898
0.179073
0.178766
0.178801
0.178963
0.17885
0.179109
0.179091
0.179055
0.178882
0.178949
0.178904
0.178798
0.178868
0.178889
0.179017
0.179234
0.179079
0.17921
0.178957
0.178917
0.178877
0.178926
0.179121
0.179133
0.179032
0.178729
0.179254
0.179096
0.179107
0.179251
0.179105
0.178872
0.178841
0.178992
0.179123
0.17907
0.179233
0.179085
0.179067
0.178963
0.179352
0.179221
0.17906
0.17894
0.179172
0.179043
0.179142
0.178822
0.179178
0.17903
0.179143
0.179226
0.179286
0.178814
0.178763
0.178781
0.178914
0.178837
0.178801
0.179118
0.179061
0.179202
0.178842
0.178698
0.178934
0.179021
0.179101
0.178713
0.178773
0.179049
0.178779
0.178736
0.178919
0.17899
0.17888
0.178871
0.17909
0.179186
0.179018
0.178965
0.178848
0.179138
0.179021
0.178954
0.17884
0.17902
0.17911
0.179052
0.179374
0.179118
0.178781
0.179337
0.179124
0.178819
0.178826
0.179536
0.179022
0.179606
0.178931
0.178442
0.178989
0.179291
0.179091
0.178848
0.178891
0.179978
0.178944
0.178932
0.179424
0.179383
0.17987
0.180002
0.179839
0.180351
0.179974
0.177797
0.178575
0.180083
0.178985
0.17902
0.178279
0.178983
0.179696
0.179142
0.179711
0.179779
0.177934
0.178534
0.178301
0.178604
0.178725
0.178429
0.179246
0.179771
0.178971
0.17912
0.179446
0.17982
0.178636
0.179452
0.179433
0.17897
0.179829
0.180352
0.178991
0.178127
0.178447
0.178225
0.178453
0.179884
0.178945
0.178666
0.179128
0.178678
0.178404
0.178941
0.178894
0.179226
0.178961
0.179153
0.178454
0.178844
0.179102
0.17912
0.179181
0.179187
0.179018
0.178946
0.179021
0.178671
0.178632
0.178427
0.17869
0.178674
0.17921
0.179067
0.179322
0.17946
0.179183
0.17946
0.179177
0.178966
0.179648
0.178775
0.179064
0.178967
0.178887
0.178821
0.17846
0.179101
0.179333
0.179221
0.178974
0.179054
0.178818
0.178541
0.178732
0.179445
0.179168
0.179025
0.179194
0.179644
0.179362
0.179261
0.179221
0.179574
0.178798
0.178965
0.179193
0.179435
0.179804
0.179442
0.178885
0.179496
0.179222
0.179197
0.178325
0.178586
0.178248
0.178462
0.178737
0.178491
0.17842
0.178902
0.179146
0.178142
0.178816
0.17875
0.178574
0.179002
0.179406
0.17907
0.178768
0.178466
0.17858
0.178898
0.179206
0.179003
0.178508
0.178759
0.179059
0.178924
0.17879
0.178718
0.179383
0.178886
0.178959
0.178853
0.178786
0.178964
0.179021
0.178761
0.178835
0.178811
0.17852
0.178765
0.178655
0.178972
0.178675
0.179089
0.179104
0.179322
0.179055
0.179139
0.178715
0.178877
0.179011
0.179123
0.179072
0.178695
0.179037
0.178787
0.178642
0.178535
0.178755
0.178998
0.178881
0.178866
0.178997
0.178891
0.178933
0.17891
0.178955
0.17928
0.179274
0.179165
0.178958
0.178913
0.179324
0.179105
0.178959
0.17871
0.178873
0.178825
0.179023
0.178945
0.179266
0.179156
0.179313
0.179216
0.179052
0.179084
0.178698
0.178752
0.17848
0.178779
0.178787
0.17873
0.17882
0.178898
0.178686
0.178781
0.178876
0.178981
0.179003
0.178837
0.178872
0.178728
0.17881
0.178929
0.179016
0.178857
0.178925
0.179098
0.178859
0.178827
0.178981
0.179306
0.179071
0.17893
0.17887
0.178697
0.178815
0.178911
0.178913
0.178868
0.178914
0.179037
0.179306
0.179217
0.178972
0.178846
0.178835
0.178805
0.178732
0.178819
0.178869
0.178875
0.178725
0.178885
0.178985
0.178987
0.178872
0.179058
0.179192
0.179147
0.178796
0.178937
0.178982
0.179266
0.179177
0.178869
0.178735
0.178825
0.178794
0.17879
0.17885
0.17892
0.178733
0.178773
0.178956
0.178873
0.179026
0.179154
0.178907
0.179053
0.179137
0.179089
0.17927
0.178862
0.179282
0.179009
0.179002
0.178925
0.178724
0.178818
0.178553
0.178693
0.178706
0.17897
0.178933
0.178781
0.178819
0.178921
0.179109
0.179038
0.178855
0.178842
0.178801
0.179093
0.178984
0.178808
0.178915
0.179066
0.178968
0.179025
0.179192
0.179039
0.178896
0.178871
0.178839
0.178941
0.178941
0.179122
0.178949
0.178819
0.178843
0.178891
0.178898
0.178934
0.178964
0.17893
0.179089
0.17887
0.17891
0.178848
0.17885
0.178885
0.178872
0.17906
0.178943
0.178913
0.179053
0.178866
0.179034
0.179198
0.179325
0.179093
0.179059
0.178922
0.179048
0.179131
0.178879
0.178806
0.178929
0.179369
0.179155
0.179143
0.178841
0.178954
0.178846
0.178988
0.178808
0.178854
0.178839
0.178903
0.178944
0.179098
0.17892
0.178915
0.178943
0.178823
0.178859
0.178888
0.178889
0.178736
0.178835
0.178856
0.178865
0.178885
0.178912
0.178929
0.178816
0.178784
0.178918
0.178982
0.178871
0.1788
0.178975
0.178974
0.17897
0.178926
0.178919
0.179019
0.178893
0.178781
0.17887
0.178988
0.178934
0.178897
0.17895
0.178954
0.178813
0.178865
0.179158
0.179043
0.178866
0.178964
0.178927
0.178887
0.178987
0.179261
0.179057
0.178844
0.179094
0.178857
0.179159
0.179137
0.179466
0.179373
0.178622
0.178847
0.178706
0.178998
0.179205
0.179095
0.179256
0.179184
0.179562
0.179071
0.179156
0.179017
0.17911
0.178611
0.178929
0.179157
0.178718
0.178772
0.179331
0.179312
0.178988
0.179056
0.178678
0.178766
0.178916
0.178651
0.178801
0.178851
0.178945
0.178964
0.179178
0.179109
0.179293
0.179054
0.179023
0.179384
0.179299
0.179188
0.179131
0.178974
0.178555
0.178637
0.178707
0.17887
0.178685
0.178834
0.178868
0.179227
0.179008
0.178836
0.179075
0.178731
0.178748
0.178693
0.178847
0.178987
0.179055
0.178984
0.178657
0.17888
0.178822
0.178851
0.178916
0.178885
0.17896
0.179319
0.17923
0.179163
0.17907
0.178843
0.178898
0.17915
0.179085
0.179103
0.179257
0.179151
0.179186
0.17889
0.179071
0.178993
0.178618
0.178683
0.178631
0.178916
0.178837
0.178857
0.178833
0.178728
0.17884
0.178881
0.178916
0.17899
0.178716
0.178873
0.178945
0.179042
0.17878
0.178924
0.178821
0.17887
0.179001
0.178903
0.179008
0.178759
0.178839
0.178922
0.178912
0.178918
0.178911
0.178841
0.17898
0.178962
0.178909
0.179118
0.178911
0.17888
0.178894
0.178882
0.178913
0.178978
0.179011
0.178983
0.178951
0.178895
0.178815
0.178671
0.178769
0.178895
0.178961
0.178924
0.179029
0.179139
0.179063
0.179238
0.179072
0.178824
0.178849
0.17895
0.179128
0.178856
0.179022
0.178959
0.179064
0.178784
0.178705
0.178791
0.17889
0.178981
0.178899
0.178891
0.178849
0.178886
0.178954
0.179028
0.178938
0.178943
0.178924
0.178875
0.178858
0.178893
0.178928
0.178953
0.178913
0.178946
0.178894
0.178785
0.178874
0.178879
0.178948
0.179007
0.179014
0.178922
0.178831
0.178903
0.178881
0.178884
0.17901
0.178997
0.178959
0.178919
0.178967
0.178915
0.178923
0.179156
0.178965
0.178706
0.178833
0.178881
0.178883
0.178794
0.178862
0.178934
0.17893
0.178869
0.178855
0.178942
0.178842
0.178869
0.17889
0.179173
0.179189
0.179073
0.178873
0.178817
0.179049
0.179025
0.178785
0.178945
0.179038
0.178932
0.178944
0.179201
0.17903
0.179096
0.179201
0.179309
0.178949
0.178894
0.178689
0.178871
0.178897
0.178823
0.178901
0.178961
0.178839
0.17884
0.178963
0.178906
0.178951
0.178976
0.178888
0.178936
0.179013
0.178989
0.179056
0.179026
0.178995
0.178882
0.179076
0.178947
0.178788
0.178835
0.178849
0.178762
0.178749
0.17881
0.178859
0.178943
0.179008
0.179032
0.179113
0.178948
0.178907
0.178793
0.179024
0.178962
0.179005
0.179038
0.179051
0.178908
0.178888
0.179048
0.179165
0.179031
0.178937
0.178904
0.178956
0.178834
0.179178
0.179094
0.179147
0.179181
0.179065
0.179085
0.178879
0.179097
0.179001
0.178776
0.179111
0.179023
0.178985
0.178909
0.178816
0.178978
0.178978
0.17917
0.178958
0.178829
0.178807
0.178782
0.178697
0.178807
0.17888
0.178815
0.178962
0.179192
0.179165
0.178997
0.179054
0.178941
0.179061
0.178801
0.178923
0.178753
0.178867
0.179025
0.179025
0.179259
0.179195
0.179174
0.17912
0.17941
0.179123
0.179669
0.179348
0.180003
0.178891
0.179559
0.178694
0.178752
0.178627
0.17892
0.178934
0.179544
0.179491
0.179159
0.178657
0.178624
0.179033
0.178886
0.178548
0.178692
0.17873
0.178995
0.179291
0.179208
0.178749
0.178945
0.179299
0.179042
0.178875
0.178755
0.178676
0.178764
0.178942
0.178976
0.179387
0.179609
0.17923
0.178794
0.178759
0.179142
0.178953
0.179295
0.179504
0.178978
0.178771
0.178606
0.178894
0.178528
0.178775
0.178756
0.178843
0.17867
0.17905
0.178754
0.179005
0.178961
0.178684
0.178677
0.179039
0.178869
0.178476
0.178783
0.179166
0.179438
0.179032
0.178748
0.178933
0.178887
0.178771
0.179384
0.179032
0.178717
0.178962
0.178916
0.179187
0.179295
0.179111
0.179242
0.179113
0.179278
0.179124
0.178641
0.178794
0.178365
0.178683
0.178845
0.178725
0.178784
0.178827
0.179213
0.178896
0.179102
0.179162
0.179186
0.17903
0.178954
0.179058
0.178632
0.178744
0.1787
0.178681
0.178843
0.179052
0.178838
0.178955
0.178776
0.178891
0.178891
0.179004
0.178946
0.178893
0.178919
0.178915
0.178989
0.178997
0.17885
0.178867
0.178877
0.179001
0.178952
0.178873
0.178972
0.178993
0.179042
0.179019
0.178894
0.178922
0.178757
0.178883
0.178839
0.178841
0.178916
0.179039
0.178964
0.178961
0.179032
0.178889
0.178884
0.178922
0.17902
0.178939
0.17893
0.178938
0.178935
0.179012
0.178931
0.178954
0.179004
0.179189
0.178996
0.178849
0.178865
0.178929
0.178686
0.178841
0.178869
0.178898
0.178872
0.178959
0.178989
0.179119
0.178995
0.178828
0.178965
0.179032
0.179001
0.178946
0.178865
0.178971
0.179092
0.179008
0.179149
0.179234
0.178984
0.178839
0.179074
0.179012
0.178806
0.178962
0.179011
0.178927
0.17905
0.178957
0.178808
0.178777
0.178868
0.178968
0.178856
0.17898
0.179056
0.179237
0.179077
0.179059
0.179084
0.178988
0.179007
0.179124
0.179105
0.179076
0.179254
0.179259
0.178906
0.178893
0.178939
0.178928
0.179011
0.178838
0.179075
0.178999
0.179271
0.179106
0.178931
0.178654
0.178803
0.17877
0.179052
0.178856
0.178978
0.178837
0.178794
0.178877
0.178823
0.1789
0.17929
0.179052
0.179212
0.178993
0.178825
0.178941
0.178678
0.178774
0.178811
0.178941
0.179078
0.179039
0.179106
0.178999
0.179019
0.178776
0.178869
0.178835
0.178777
0.178822
0.178992
0.179112
0.17921
0.179096
0.178803
0.178658
0.178805
0.178937
0.178965
0.17906
0.178746
0.178855
0.17887
0.178905
0.178934
0.178959
0.178986
0.178971
0.179006
0.178917
0.178885
0.178919
0.178998
0.178964
0.1791
0.178982
0.179009
0.179006
0.178958
0.178988
0.178872
0.17891
0.178924
0.178709
0.178785
0.178949
0.178914
0.17888
0.178745
0.17882
0.17892
0.178865
0.178919
0.178948
0.178985
0.178981
0.179149
0.179151
0.178911
0.178982
0.178917
0.17896
0.178941
0.178863
0.178883
0.178959
0.179129
0.179107
0.179012
0.17898
0.178859
0.17877
0.178851
0.17893
0.179145
0.179071
0.179196
0.179075
0.178982
0.178985
0.178963
0.178861
0.178992
0.178975
0.178854
0.179195
0.179207
0.179092
0.178976
0.178987
0.17918
0.179087
0.178978
0.178725
0.178842
0.178875
0.178724
0.178861
0.178994
0.178892
0.178874
0.17893
0.179027
0.179022
0.178975
0.17892
0.178892
0.178917
0.178872
0.178883
0.179012
0.179034
0.178861
0.1788
0.178943
0.178898
0.179081
0.179056
0.179093
0.179056
0.179181
0.178905
0.17858
0.178812
0.178839
0.178931
0.179023
0.179001
0.178914
0.178903
0.178947
0.178941
0.178975
0.178924
0.178898
0.178865
0.17887
0.17891
0.178917
0.178973
0.178907
0.179048
0.179055
0.178873
0.179038
0.17887
0.178991
0.17897
0.178923
0.17894
0.178939
0.178955
0.178932
0.178921
0.178877
0.179078
0.179123
0.178934
0.179175
0.178995
0.178883
0.17893
0.178907
0.17887
0.178792
0.178859
0.178896
0.17889
0.178889
0.178937
0.178936
0.178874
0.178985
0.179064
0.179045
0.178883
0.179037
0.178937
0.179018
0.178939
0.178987
0.178965
0.179009
0.178885
0.179024
0.179027
0.179059
0.178961
0.178958
0.17879
0.178845
0.178997
0.179274
0.178961
0.179176
0.179179
0.178929
0.178914
0.178807
0.17887
0.178843
0.178977
0.178909
0.178903
0.178999
0.178933
0.178779
0.17887
0.178887
0.178885
0.17897
0.178943
0.178919
0.178817
0.178823
0.17894
0.178818
0.17889
0.178871
0.179032
0.179034
0.179039
0.178953
0.179051
0.178937
0.17912
0.179002
0.179049
0.179241
0.178944
0.178778
0.178825
0.178985
0.179094
0.178806
0.178948
0.178884
0.17887
0.179101
0.179339
0.179089
0.179205
0.178937
0.178798
0.178813
0.178939
0.178884
0.178922
0.178898
0.17882
0.178785
0.17876
0.178893
0.178703
0.17879
0.178796
0.178967
0.178937
0.178867
0.178931
0.178933
0.178972
0.17899
0.178936
0.17896
0.178965
0.178924
0.178928
0.178764
0.17887
0.178926
0.179015
0.178979
0.178964
0.179017
0.179027
0.178947
0.179026
0.17915
0.179113
0.179065
0.178963
0.17905
0.17886
0.178891
0.178948
0.179154
0.179017
0.178989
0.179026
0.17897
0.178868
0.178918
0.178923
0.17885
0.178797
0.178836
0.178946
0.178941
0.178884
0.178871
0.178804
0.178943
0.179113
0.179057
0.17907
0.179063
0.178985
0.179052
0.17907
0.178916
0.178967
0.179097
0.178938
0.179076
0.179177
0.179071
0.178734
0.178762
0.178793
0.178989
0.178773
0.178774
0.178768
0.17887
0.178861
0.179028
0.178982
0.178839
0.178854
0.178866
0.178993
0.178983
0.178982
0.178998
0.178999
0.178889
0.179047
0.178862
0.178922
0.178956
0.178861
0.178862
0.178826
0.178923
0.178953
0.178948
0.178848
0.178833
0.17889
0.178903
0.178894
0.178969
0.179037
0.179101
0.179084
0.179038
0.178839
0.178878
0.178934
0.179105
0.179084
0.179038
0.178939
0.179026
0.178778
0.17893
0.178877
0.178873
0.178861
0.178869
0.178952
0.178979
0.178917
0.179062
0.178988
0.179011
0.178954
0.178959
0.179
0.178954
0.179109
0.178918
0.178873
0.1789
0.179
0.17892
0.178938
0.179066
0.179293
0.179153
0.178989
0.179127
0.178899
0.179017
0.179279
0.179052
0.179013
0.178799
0.178783
0.178869
0.178816
0.178869
0.178844
0.178783
0.178845
0.178992
0.178887
0.178954
0.178909
0.178956
0.179013
0.178946
0.178894
0.179029
0.178801
0.178859
0.178864
0.178882
0.178941
0.178966
0.179012
0.179164
0.179105
0.17889
0.1788
0.178948
0.178945
0.178971
0.178969
0.178935
0.17907
0.178996
0.178863
0.178759
0.178767
0.178808
0.178874
0.179034
0.179141
0.17901
0.178823
0.179159
0.179232
0.179009
0.178879
0.17882
0.178852
0.178845
0.178874
0.17893
0.178904
0.179035
0.179009
0.17894
0.178903
0.178913
0.178955
0.17897
0.179045
0.178881
0.178954
0.178941
0.17882
0.178901
0.178965
0.179072
0.178939
0.178929
0.17899
0.17888
0.178881
0.178917
0.178872
0.178906
0.178832
0.178909
0.178968
0.178969
0.178917
0.178821
0.178831
0.178885
0.178896
0.17901
0.179113
0.178972
0.179002
0.179046
0.178862
0.178929
0.17892
0.178955
0.178985
0.178931
0.178904
0.178855
0.178924
0.178876
0.178919
0.178906
0.179003
0.179027
0.178986
0.179006
0.178977
0.178903
0.178924
0.178867
0.179066
0.178908
0.178939
0.178929
0.178898
0.178956
0.179008
0.17897
0.179041
0.178974
0.179233
0.179082
0.178933
0.17909
0.179054
0.179117
0.178863
0.178889
0.178937
0.178849
0.178881
0.178935
0.178827
0.178811
0.178862
0.178853
0.178918
0.178902
0.178945
0.178995
0.178994
0.178937
0.178976
0.17898
0.178988
0.178975
0.179029
0.179115
0.179031
0.178979
0.179033
0.179025
0.178922
0.178962
0.17889
0.178935
0.178982
0.179072
0.178903
0.17913
0.178937
0.178969
0.179002
0.179145
0.179028
0.178877
0.178946
0.179165
0.178847
0.179123
0.179171
0.179214
0.179062
0.179133
0.179085
0.178871
0.1788
0.178589
0.178895
0.17876
0.178755
0.178849
0.178693
0.178845
0.178875
0.178765
0.17885
0.178933
0.178883
0.178872
0.178911
0.178893
0.178902
0.178944
0.178941
0.178933
0.178974
0.178949
0.178941
0.178906
0.178842
0.178889
0.17896
0.178919
0.178965
0.179071
0.178921
0.17894
0.178982
0.178927
0.179029
0.178985
0.179167
0.178952
0.179226
0.179213
0.179205
0.178827
0.178592
0.178747
0.17873
0.178818
0.178859
0.178858
0.178928
0.179002
0.179118
0.179075
0.179285
0.179215
0.178951
0.178751
0.178982
0.179091
0.179073
0.179024
0.179118
0.178888
0.178904
0.178884
0.178712
0.178902
0.178878
0.179065
0.179138
0.178946
0.179106
0.178882
0.178771
0.178907
0.178785
0.178899
0.178997
0.17887
0.178876
0.178792
0.17886
0.178907
0.178944
0.178972
0.178868
0.178939
0.178872
0.178908
0.178912
0.178962
0.178911
0.179041
0.179115
0.178999
0.179165
0.179031
0.179202
0.179114
0.178954
0.179019
0.178828
0.178933
0.178797
0.178936
0.178845
0.178961
0.179047
0.179181
0.179067
0.179018
0.178811
0.17906
0.179091
0.178954
0.178847
0.178949
0.178859
0.178858
0.17883
0.178948
0.178956
0.178893
0.17894
0.179078
0.178917
0.179008
0.178918
0.178956
0.178904
0.17902
0.178945
0.178973
0.17908
0.178871
0.178897
0.179124
0.179133
0.178999
0.178844
0.178979
0.179059
0.179044
0.178868
0.178931
0.178913
0.178925
0.178932
0.178916
0.178971
0.179116
0.178873
0.178928
0.179029
0.178978
0.178968
0.178891
0.179037
0.179041
0.179118
0.178996
0.178794
0.178859
0.17899
0.179123
0.178999
0.178919
0.178818
0.178951
0.178852
0.178937
0.178991
0.178997
0.178966
0.17922
0.179097
0.178942
0.178959
0.179001
0.178945
0.179208
0.179081
0.178887
0.178771
0.178837
0.178876
0.178836
0.178877
0.178918
0.178945
0.178985
0.179058
0.179167
0.17921
0.178907
0.178833
0.178924
0.178994
0.179016
0.17902
0.178974
0.17905
0.179071
0.178832
0.178987
0.178948
0.178991
0.17899
0.178909
0.178964
0.17905
0.17929
0.179536
0.179777
0.17956
0.178778
0.178535
0.1788
0.17899
0.179346
0.178898
0.178929
0.179191
0.178732
0.179016
0.178916
0.178922
0.179025
0.178876
0.178823
0.178909
0.179173
0.179027
0.179193
0.179106
0.179107
0.178974
0.179308
0.179157
0.178848
0.178907
0.178755
0.178688
0.178884
0.178794
0.178833
0.178833
0.178909
0.178999
0.179041
0.178845
0.178863
0.178893
0.178974
0.17904
0.178826
0.178796
0.178844
0.178962
0.17883
0.178893
0.179055
0.178883
0.178862
0.178926
0.178995
0.178954
0.179076
0.179056
0.179058
0.179156
0.179205
0.178854
0.178952
0.178746
0.17893
0.178912
0.178945
0.178976
0.17897
0.178933
0.178991
0.178915
0.179056
0.179211
0.178865
0.179007
0.179017
0.179028
0.178897
0.179193
0.178999
0.178868
0.17867
0.179004
0.179189
0.178956
0.178886
0.178813
0.178898
0.178905
0.178812
0.178988
0.179048
0.179137
0.17898
0.179118
0.179351
0.179313
0.179134
0.178905
0.179248
0.178885
0.179167
0.179003
0.179171
0.178992
0.178707
0.178996
0.17881
0.179008
0.178901
0.178659
0.178807
0.179133
0.178982
0.178971
0.179235
0.179283
0.179147
0.179083
0.179144
0.178804
0.178666
0.178615
0.178824
0.178885
0.178748
0.178998
0.178909
0.178777
0.178868
0.178998
0.178678
0.178795
0.178875
0.178881
0.178919
0.179066
0.178895
0.178902
0.178761
0.178863
0.178908
0.17885
0.178832
0.178823
0.178866
0.178921
0.178991
0.178981
0.179005
0.178831
0.178818
0.178912
0.178847
0.17895
0.179112
0.178943
0.17909
0.179035
0.179051
0.178895
0.178808
0.178876
0.178943
0.178865
0.178857
0.178922
0.179076
0.179055
0.179028
0.178984
0.178966
0.179049
0.179102
0.178966
0.179074
0.179054
0.178982
0.178911
0.178935
0.178788
0.178992
0.179014
0.179102
0.178863
0.179071
0.178987
0.178988
0.178894
0.178936
0.178717
0.178741
0.178891
0.178878
0.178888
0.17891
0.178894
0.178965
0.178908
0.178943
0.178931
0.178947
0.179072
0.179093
0.179027
0.179002
0.178994
0.179034
0.178938
0.178862
0.178936
0.178725
0.179317
0.179391
0.178993
0.178726
0.17867
0.178811
0.178987
0.178841
0.178919
0.178708
0.178836
0.178837
0.178951
0.178923
0.178938
0.178892
0.178925
0.178897
0.178976
0.178902
0.178904
0.178901
0.178939
0.178889
0.178902
0.178955
0.179044
0.178963
0.178946
0.178837
0.178893
0.178919
0.179007
0.178948
0.178985
0.178923
0.179035
0.178966
0.178969
0.178998
0.178995
0.178957
0.179008
0.179008
0.179037
0.178931
0.178969
0.179031
0.179002
0.178924
0.178884
0.178937
0.178942
0.179255
0.178925
0.179157
0.179095
0.178878
0.178923
0.178963
0.178997
0.178856
0.178758
0.178942
0.179031
0.17889
0.178857
0.179026
0.178889
0.178954
0.178985
0.178912
0.178942
0.179006
0.178955
0.179151
0.179063
0.179061
0.179028
0.179032
0.178942
0.17892
0.178975
0.179006
0.178944
0.179044
0.179056
0.179032
0.179022
0.178973
0.179067
0.179039
0.179073
0.17902
0.178672
0.178766
0.178741
0.178817
0.178947
0.178974
0.178864
0.17895
0.178829
0.178958
0.178877
0.178922
0.178931
0.178914
0.178971
0.178927
0.178998
0.179106
0.179031
0.17897
0.178933
0.17878
0.178847
0.178851
0.178935
0.178864
0.17897
0.178915
0.178977
0.178996
0.178934
0.178991
0.179002
0.178949
0.178949
0.179046
0.179007
0.179025
0.178937
0.178899
0.178925
0.178925
0.178961
0.178962
0.178922
0.17897
0.178936
0.179001
0.178979
0.179035
0.178945
0.178992
0.178892
0.178841
0.178924
0.178924
0.179066
0.178999
0.178989
0.17897
0.178906
0.178967
0.178952
0.178959
0.178849
0.178853
0.178837
0.178894
0.178875
0.178927
0.178969
0.178936
0.179
0.178995
0.178971
0.178963
0.178991
0.178778
0.178921
0.178924
0.178948
0.178996
0.179021
0.179011
0.178936
0.178944
0.178993
0.178881
0.178961
0.178999
0.179062
0.179219
0.179112
0.179024
0.179071
0.179004
0.178885
0.178905
0.178827
0.178932
0.178943
0.178937
0.179001
0.178997
0.179017
0.178932
0.178987
0.178991
0.179064
0.178926
0.17899
0.179015
0.178916
0.178937
0.178854
0.178858
0.17894
0.178902
0.178959
0.178946
0.17897
0.178965
0.178933
0.178862
0.178893
0.178951
0.178952
0.179021
0.178989
0.17894
0.178939
0.179161
0.17902
0.178873
0.178825
0.178851
0.178895
0.178891
0.178935
0.178965
0.178941
0.178832
0.178899
0.178923
0.178975
0.178986
0.178966
0.178956
0.178961
0.178904
0.178945
0.178978
0.178992
0.178827
0.178948
0.178966
0.179006
0.178971
0.178955
0.179049
0.178905
0.179099
0.179004
0.178973
0.178943
0.179105
0.17896
0.178911
0.178949
0.178894
0.178897
0.178822
0.178925
0.178929
0.178921
0.178925
0.178965
0.178948
0.178982
0.178951
0.178925
0.178942
0.178968
0.178942
0.178953
0.178976
0.178949
0.178923
0.178967
0.178942
0.179126
0.179043
0.17891
0.178943
0.178942
0.179216
0.179126
0.179021
0.178872
0.178951
0.179002
0.178994
0.178932
0.178932
0.178878
0.178879
0.17895
0.17905
0.178965
0.17897
0.178974
0.178856
0.178863
0.178916
0.178989
0.178959
0.178923
0.178961
0.17897
0.178993
0.178966
0.179023
0.178977
0.178939
0.178893
0.178909
0.178846
0.178865
0.178941
0.178872
0.178885
0.178911
0.17888
0.178914
0.178992
0.17895
0.178969
0.17894
0.178929
0.178932
0.178881
0.178948
0.178925
0.178932
0.178895
0.17879
0.178942
0.178964
0.178956
0.178925
0.178887
0.178937
0.179007
0.178981
0.179047
0.179013
0.178991
0.17906
0.179088
0.178901
0.178965
0.178899
0.178906
0.178963
0.178948
0.179015
0.178857
0.178919
0.178809
0.178922
0.178968
0.179012
0.178977
0.178993
0.178942
0.178945
0.178936
0.178964
0.179046
0.178902
0.178878
0.178958
0.178991
0.178942
0.17894
0.178923
0.178955
0.17891
0.178981
0.178863
0.178799
0.178837
0.178859
0.178867
0.178878
0.178886
0.178806
0.178782
0.178991
0.178852
0.178972
0.178877
0.178773
0.178828
0.178893
0.17888
0.178757
0.178972
0.179114
0.17905
0.179015
0.179274
0.179702
0.179031
0.179101
0.179531
0.179008
0.178768
0.178806
0.178746
0.17868
0.178796
0.178934
0.178992
0.17897
0.178784
0.178755
0.179031
0.17913
0.179271
0.17905
0.178859
0.178914
0.17897
0.178876
0.178712
0.178863
0.178966
0.178973
0.178985
0.178947
0.17913
0.178968
0.178986
0.179304
0.179429
0.178838
0.179148
0.179151
0.178931
0.179201
0.178895
0.178793
0.178813
0.179158
0.178998
0.178788
0.178902
0.178833
0.178893
0.178848
0.178724
0.178862
0.178995
0.17908
0.179017
0.17918
0.179033
0.178865
0.178931
0.179039
0.178989
0.179064
0.179028
0.178852
0.178889
0.178943
0.1788
0.17881
0.178822
0.17888
0.178991
0.178946
0.178992
0.178983
0.178845
0.178961
0.178946
0.179029
0.179046
0.179157
0.178903
0.179074
0.178877
0.178867
0.17888
0.178837
0.178802
0.178821
0.178854
0.178926
0.178997
0.179001
0.179021
0.179046
0.179156
0.178998
0.179057
0.178998
0.179173
0.179083
0.179173
0.178997
0.178958
0.178953
0.17899
0.178822
0.178771
0.178753
0.178797
0.178968
0.178848
0.178886
0.178898
0.178873
0.178863
0.178947
0.178957
0.178981
0.178912
0.178844
0.178922
0.179051
0.179016
0.178933
0.178977
0.178909
0.178889
0.178903
0.1789
0.178908
0.178939
0.179085
0.179056
0.178909
0.179031
0.178886
0.178877
0.178868
0.178913
0.178953
0.178986
0.178912
0.178818
0.178902
0.178816
0.17896
0.178947
0.178981
0.178986
0.179048
0.179033
0.179035
0.178976
0.178922
0.178846
0.178858
0.179008
0.178899
0.178888
0.178819
0.178846
0.178915
0.178924
0.178985
0.178881
0.178962
0.178881
0.178962
0.178953
0.179026
0.179065
0.179035
0.179056
0.179437
0.179486
0.17898
0.179038
0.178696
0.178788
0.179034
0.179013
0.179068
0.179084
0.179362
0.178916
0.179159
0.179149
0.178829
0.178737
0.17874
0.178915
0.178835
0.178832
0.178592
0.178765
0.179003
0.17927
0.179141
0.179044
0.178889
0.178894
0.179114
0.179271
0.179028
0.179081
0.178856
0.178867
0.17864
0.178812
0.178759
0.178701
0.179188
0.179142
0.17936
0.179123
0.179044
0.178929
0.178933
0.179149
0.179382
0.179157
0.179293
0.179321
0.179429
0.179558
0.178649
0.178738
0.178865
0.178791
0.178866
0.179215
0.178674
0.17873
0.178677
0.178783
0.178816
0.178902
0.179006
0.17881
0.178887
0.178858
0.178751
0.178993
0.178935
0.178961
0.178848
0.179011
0.178997
0.178813
0.178748
0.178831
0.178823
0.178812
0.178895
0.179037
0.178943
0.178947
0.178767
0.178821
0.178895
0.178757
0.178827
0.178851
0.178935
0.178885
0.178917
0.178972
0.178958
0.178973
0.178909
0.178997
0.178991
0.179064
0.179083
0.179038
0.178869
0.178888
0.178861
0.178938
0.1789
0.178865
0.178907
0.178998
0.178827
0.179114
0.179029
0.178898
0.179017
0.178953
0.178911
0.178844
0.178894
0.178885
0.178905
0.178829
0.178893
0.178987
0.178903
0.178932
0.178889
0.178972
0.178985
0.179019
0.17895
0.178961
0.178814
0.178934
0.178952
0.17893
0.178942
0.178969
0.179033
0.179017
0.178876
0.179004
0.179219
0.179119
0.179072
0.178926
0.179248
0.178954
0.178859
0.178769
0.178966
0.179053
0.178873
0.178943
0.179072
0.17898
0.179121
0.179089
0.178966
0.17918
0.179066
0.178738
0.178786
0.178803
0.178756
0.178788
0.178877
0.178939
0.178852
0.178893
0.178913
0.178755
0.178828
0.17881
0.178889
0.178919
0.179048
0.179025
0.178969
0.178868
0.178805
0.178834
0.178802
0.178954
0.179044
0.178978
0.178912
0.178929
0.178903
0.178946
0.179022
0.179122
0.178976
0.179067
0.178977
0.178915
0.178903
0.178983
0.17886
0.178919
0.179023
0.179159
0.179182
0.179163
0.179487
0.179073
0.179067
0.178842
0.179022
0.179144
0.178881
0.179299
0.179119
0.178851
0.178712
0.178948
0.17879
0.1789
0.179268
0.178978
0.179047
0.178846
0.178729
0.17887
0.179031
0.178857
0.178766
0.178877
0.178925
0.178956
0.178852
0.178882
0.178892
0.178958
0.178982
0.178942
0.178981
0.179042
0.179027
0.17911
0.178954
0.178995
0.179052
0.178974
0.179087
0.179288
0.179053
0.178818
0.178939
0.179115
0.178932
0.178843
0.17878
0.178836
0.178777
0.178865
0.178849
0.178989
0.178889
0.178955
0.178907
0.178907
0.178895
0.178874
0.178933
0.178884
0.178939
0.178838
0.178807
0.178864
0.178914
0.178852
0.178926
0.179009
0.178929
0.178962
0.179019
0.178936
0.178938
0.178941
0.179002
0.178998
0.179008
0.178898
0.178926
0.1789
0.179002
0.179073
0.179096
0.178964
0.178961
0.178827
0.178916
0.178949
0.178929
0.178842
0.178899
0.178856
0.178925
0.178939
0.178888
0.178865
0.178929
0.178963
0.178869
0.178927
0.179005
0.178937
0.178836
0.178997
0.178957
0.178976
0.178922
0.178849
0.178942
0.178853
0.178903
0.178912
0.178832
0.178879
0.178949
0.178954
0.17894
0.179035
0.179178
0.178933
0.178957
0.178914
0.179184
0.178962
0.17873
0.178696
0.178801
0.178923
0.178872
0.178884
0.178842
0.178879
0.178873
0.178963
0.178903
0.178979
0.17917
0.179539
0.179677
0.179379
0.179738
0.179397
0.178683
0.179174
0.178593
0.179222
0.179272
0.180158
0.178952
0.179564
0.180572
0.178722
0.180353
0.17897
0.179665
0.179272
0.179715
0.17967
0.17822
0.178406
0.177953
0.178848
0.178476
0.178929
0.179532
0.178945
0.179184
0.178234
0.178535
0.178306
0.178443
0.178839
0.17849
0.179006
0.17896
0.178617
0.179009
0.179378
0.178879
0.178921
0.178765
0.178659
0.178952
0.178655
0.178926
0.179294
0.179084
0.178877
0.179037
0.178837
0.17873
0.178908
0.179167
0.179373
0.179025
0.178956
0.1786
0.178927
0.178704
0.178898
0.178912
0.178748
0.178662
0.178856
0.178832
0.178838
0.178808
0.17872
0.178821
0.178604
0.178562
0.178849
0.179005
0.17974
0.179177
0.178943
0.178711
0.178891
0.178982
0.179013
0.178918
0.178882
0.179263
0.178999
0.179297
0.178954
0.178821
0.178772
0.178814
0.178681
0.178993
0.178845
0.179004
0.178859
0.178988
0.178807
0.178803
0.178949
0.178954
0.178865
0.178875
0.178884
0.179035
0.179063
0.178934
0.178982
0.178756
0.178896
0.178841
0.178799
0.178847
0.178814
0.178789
0.178863
0.178869
0.179017
0.17881
0.178881
0.178866
0.178837
0.178871
0.178973
0.178949
0.178879
0.178786
0.178824
0.178759
0.178848
0.178847
0.17891
0.178824
0.178663
0.17927
0.179255
0.179468
0.178999
0.179183
0.179073
0.178833
0.178847
0.178985
0.179036
0.179147
0.179196
0.179021
0.179322
0.179073
0.178852
0.178706
0.178849
0.178827
0.178796
0.179009
0.17874
0.179018
0.178766
0.178787
0.178802
0.1787
0.178927
0.178982
0.179019
0.179028
0.179174
0.17902
0.179039
0.178933
0.178902
0.179162
0.179109
0.179514
0.179147
0.179228
0.178936
0.178727
0.178622
0.178543
0.178751
0.17871
0.178875
0.17881
0.178997
0.178823
0.178739
0.178903
0.179122
0.178979
0.179076
0.178948
0.178719
0.178878
0.178887
0.17901
0.178862
0.178839
0.178907
0.178815
0.178959
0.178915
0.179015
0.179035
0.179014
0.179021
0.178779
0.178883
0.178827
0.178909
0.179025
0.179066
0.178999
0.178957
0.178839
0.178934
0.178933
0.178833
0.179075
0.178961
0.178889
0.178717
0.178772
0.179015
0.178993
0.178973
0.178991
0.179071
0.178963
0.178779
0.178845
0.178978
0.178896
0.178912
0.179271
0.17903
0.179285
0.178915
0.178743
0.178861
0.178771
0.178807
0.178793
0.178862
0.178892
0.178906
0.178902
0.178953
0.178947
0.178998
0.179041
0.179112
0.179005
0.178864
0.179262
0.179174
0.178743
0.178943
0.179121
0.179201
0.178855
0.178969
0.1788
0.178818
0.178772
0.178785
0.178814
0.178916
0.178878
0.179082
0.179083
0.178938
0.179021
0.179096
0.178936
0.178765
0.178855
0.17889
0.178857
0.178753
0.178726
0.178877
0.178846
0.178819
0.178773
0.178845
0.178915
0.178967
0.178866
0.17886
0.178975
0.179004
0.178832
0.17897
0.178851
0.178934
0.178985
0.179004
0.178912
0.179028
0.178984
0.179072
0.178968
0.178864
0.178798
0.179016
0.179069
0.179249
0.179007
0.178791
0.178955
0.179119
0.179084
0.178863
0.178962
0.178817
0.178911
0.178955
0.178937
0.17894
0.178967
0.178946
0.17902
0.178904
0.178945
0.178934
0.179003
0.178931
0.178913
0.17891
0.178946
0.179017
0.179006
0.17915
0.178869
0.178882
0.178964
0.178904
0.178888
0.1789
0.178905
0.178952
0.178892
0.178789
0.178907
0.17889
0.179028
0.178871
0.178866
0.178992
0.178921
0.179063
0.179077
0.179207
0.178923
0.178843
0.178882
0.178811
0.178902
0.178913
0.178955
0.178899
0.178999
0.179037
0.17886
0.179026
0.178937
0.178916
0.178992
0.178941
0.178914
0.178887
0.178886
0.178902
0.179021
0.179181
0.179069
0.178935
0.178858
0.17888
0.178913
0.178975
0.178883
0.1788
0.178873
0.178918
0.178917
0.178993
0.179026
0.179015
0.179022
0.179069
0.178977
0.178994
0.178897
0.178934
0.179076
0.179231
0.179131
0.178921
0.178825
0.178901
0.178948
0.179161
0.179068
0.179188
0.178936
0.179111
0.178867
0.178857
0.178847
0.178885
0.178989
0.179018
0.178962
0.178735
0.178749
0.178811
0.178798
0.178813
0.178831
0.178915
0.178845
0.178918
0.179036
0.178882
0.178907
0.178921
0.178912
0.178839
0.178825
0.178856
0.178897
0.178995
0.17911
0.179012
0.178905
0.178902
0.178881
0.178947
0.17893
0.17904
0.179017
0.178943
0.178915
0.179182
0.178897
0.179193
0.179188
0.178885
0.179086
0.178876
0.178655
0.17875
0.178909
0.178834
0.179027
0.179077
0.178805
0.178983
0.179172
0.179165
0.178861
0.178797
0.178788
0.17871
0.178861
0.178897
0.178976
0.179008
0.178901
0.178941
0.179269
0.179087
0.17903
0.17901
0.178881
0.17888
0.179103
0.179055
0.179255
0.179265
0.17931
