0.0132724
-0.0233808
-0.313088
-0.425573
-0.576203
-0.554536
-0.87268
-0.926308
-0.97123
-0.930365
-1.02488
-0.949022
-0.829264
-0.645446
-0.390057
-0.438598
-0.447201
-0.538153
-0.675836
-0.937866
-1.10173
-1.21991
-1.28526
-1.45426
-1.01368
-0.785327
-0.5932
-0.738169
-1.01036
-1.14974
-1.17589
-1.35371
-1.41861
-1.28538
-1.17417
-0.0254269
0.622756
0.419285
0.433759
0.534358
0.642013
0.32277
0.27316
0.0165667
-0.119314
0.207259
0.430192
0.218112
0.0739805
0.159079
-0.105372
0.0619465
-0.34109
-0.440517
-0.591925
-0.649212
-0.507319
-0.401833
-0.520402
-0.625393
-0.424938
-0.770144
-0.864466
-1.03978
-1.19221
-1.14404
-0.941375
-1.02976
-0.816149
-1.139
-1.32619
-1.48244
-0.959989
-1.22476
-1.12589
-0.869442
-1.21838
-1.34094
-0.98823
-0.746644
-0.778338
-0.889681
-1.04593
-1.27319
-1.35534
-1.3088
-0.882175
-0.508881
-0.760252
-0.778701
-0.716977
-0.959374
-0.715011
-1.04222
-1.11
-1.16282
-0.851032
-0.605659
-0.743763
-0.712581
-1.02243
-0.942832
-1.19869
-1.1597
-0.719534
-0.169079
0.17948
-0.104165
-0.091118
0.168509
-0.121945
-0.29399
-0.530166
-0.59757
-0.307258
-0.0613958
-0.146351
-0.0350997
0.0548082
0.257138
-0.0521363
-0.164981
-0.143337
-0.410749
-0.618013
-0.591261
-0.843314
-0.371652
-0.0779481
-0.0352854
-0.390292
-0.573216
-0.690244
-0.780506
-0.755089
-0.57671
-0.370496
-0.123155
0.123319
0.335479
0.676196
0.837982
0.609158
0.62387
0.469899
0.631771
0.889759
0.637345
0.496731
0.685325
0.90841
0.82416
0.746535
0.844762
0.871488
0.796492
0.446689
0.297418
0.290359
-0.0417126
0.0935336
-0.0800295
0.376483
0.699359
0.355539
0.350781
0.195275
0.0246159
0.070063
0.145177
0.271705
0.284985
-0.00173123
-0.0854094
-0.366893
-0.378775
0.351744
-0.11465
-0.232651
-0.172172
-0.323916
-0.370599
-0.35702
-0.473634
-0.687843
-0.380835
-0.741691
-0.786603
-0.802358
-0.503353
-0.754758
-0.483107
-0.791086
-0.739235
-0.598659
-0.604564
-0.363327
-0.259273
-0.387578
0.190376
0.521102
0.376893
0.149273
0.0545314
0.0683169
-0.240719
-0.311577
-0.110106
0.205335
0.473923
0.380781
0.471325
0.589972
0.809667
0.7953
0.842111
1.04283
0.627378
0.639011
0.677085
0.627241
0.681995
0.700185
0.899916
0.798242
0.938667
0.99534
0.537286
0.462247
0.221687
0.27387
0.46551
0.30165
-0.0502538
-0.0647852
0.399763
0.717432
0.493451
0.487592
0.627996
0.687967
0.485639
0.378262
0.350034
0.0872733
-0.183224
-0.0421235
0.0988166
0.0829199
0.174201
0.196306
0.45432
0.673575
0.672311
0.769328
0.546631
0.392298
0.420761
0.527855
0.715429
0.892907
1.04743
1.03191
1.11711
0.789959
0.672596
0.815087
0.503964
0.338153
0.547137
0.409535
0.235885
0.667118
0.880841
0.847635
0.662002
0.606837
0.465414
0.314926
0.1359
0.157055
0.0408396
-0.124618
-0.147701
-0.039102
-0.0264214
-0.245972
-0.538099
-0.344261
0.211255
0.461681
0.389633
0.349394
0.451575
0.650798
0.714953
1.03071
0.617242
0.605774
0.578852
0.683595
1.0812
0.836488
1.04047
0.865348
0.504668
0.456066
0.499192
0.469153
0.478408
0.830721
0.326269
0.173689
-0.0237044
-0.151863
-0.304143
-0.251665
-0.19342
0.135494
0.361962
0.30482
0.557056
0.0947542
0.0928088
-0.232526
-0.332876
-0.344625
-0.371476
-0.345354
-0.689954
-0.726953
-0.587119
-0.00628517
-0.446157
-0.545305
-0.354144
-0.121324
0.140159
0.0874543
0.124782
-0.166655
-0.276012
-0.146812
-0.51257
-0.627631
-0.547304
-0.0697509
0.15368
0.190963
0.318927
0.125567
-0.038009
-0.230987
-0.181833
-0.034771
-0.0367097
0.224214
0.495874
0.808661
0.672454
0.699233
0.735405
0.642853
0.353143
0.230368
0.262554
0.287811
0.365436
0.473048
0.369968
0.288343
0.580712
0.807331
0.745574
0.579611
0.587645
0.667753
0.588782
0.724821
0.620784
0.735069
0.617147
0.665543
0.729297
0.934289
0.617889
0.378016
0.136958
0.178617
-0.0884768
0.268097
0.474454
0.478662
0.710976
0.529213
0.325495
0.419108
0.421745
0.720843
0.295742
0.315475
0.582192
0.306601
0.141201
0.233004
0.248347
0.0359926
0.0883346
0.298259
0.3573
0.173965
0.230385
0.2874
0.48646
0.384339
0.260452
0.0961571
0.18851
0.169475
0.597929
0.851473
0.830158
0.838244
1.02419
0.914208
0.630409
1.14869
1.46622
1.48541
1.7291
1.57821
1.27273
1.38937
1.40667
1.27331
0.978186
1.71041
2.12882
1.75417
1.7335
1.80854
1.94942
2.17467
2.23346
2.40277
2.54377
2.87254
2.21982
2.54984
2.79604
2.44735
2.44168
2.0756
2.25342
2.32625
2.26435
2.36984
2.7293
2.11136
2.05634
1.66477
1.4122
1.52544
1.55313
1.96629
2.16998
1.83463
1.84066
2.01784
2.27255
2.03192
2.13596
2.03989
2.12116
2.48925
2.67887
2.47756
1.99134
1.93735
1.52967
2.15956
2.49432
2.17347
1.91958
1.94947
1.7573
1.41336
1.37617
1.32085
1.38429
1.17898
1.53735
1.06669
1.11541
1.13567
1.0634
1.06753
1.02043
0.806828
0.587249
0.816681
0.56346
0.78506
0.292011
0.231239
0.650858
0.916098
0.896968
1.1144
1.19367
1.23803
1.35972
1.22169
1.51936
1.8688
1.49028
1.43346
1.22879
1.03825
1.17462
1.11393
1.3458
1.35533
1.26362
0.987088
0.967448
1.00491
0.566908
1.15659
1.43732
1.25129
1.11918
1.40821
1.59147
1.46492
1.39635
1.52599
1.75407
1.37093
1.3241
1.40146
1.67916
1.81825
1.75017
1.68494
1.79564
1.62152
1.88684
1.37356
1.4772
1.01996
0.745313
1.03557
0.850773
0.575862
0.813983
1.55271
1.02383
1.11724
0.999874
0.807871
1.16366
1.34832
1.20393
1.1169
0.745009
0.524449
0.766489
0.937601
1.10329
0.597819
0.634678
0.762411
0.616761
0.327944
0.929414
1.28744
1.00005
0.941775
0.793895
0.536283
0.524218
0.667819
0.262353
0.14465
0.710683
0.192474
0.379995
0.226087
0.592054
0.429525
0.582568
0.746385
0.924216
0.730574
0.943038
0.515047
0.426107
0.530432
0.587084
0.760878
0.554704
0.727809
0.602439
0.600186
0.155503
0.206599
0.357415
0.106087
0.00586305
-0.0115303
-0.218569
-0.239712
-0.425787
0.151944
0.497229
0.561528
0.485486
0.272137
0.635811
0.878327
0.771915
0.747375
0.373651
0.355393
0.171946
0.198053
0.543001
0.777784
0.786983
0.874095
0.752501
0.606922
0.76538
0.377332
0.684639
0.197823
0.2292
0.0830604
-0.200877
-0.458617
0.162682
-0.281541
-0.475816
-0.580051
-0.545263
-0.326329
-0.660311
-0.21369
-0.639163
-0.780965
-0.690567
-0.324143
-0.698088
-0.379108
-0.0722171
-0.273011
-0.397388
0.184041
0.497518
0.333216
0.192231
0.260334
-0.166049
-0.286521
-0.464264
-0.573227
-0.7676
-0.541645
0.0905864
0.384533
0.368427
0.291695
0.0564165
-0.104651
-0.16464
-0.502719
-0.532566
-0.705593
-0.294863
-0.723692
-0.781041
-0.871216
-0.754053
-0.716835
-0.361156
-0.166732
0.0923423
-0.279384
-0.292761
0.213453
0.505596
0.542105
0.373283
0.0492182
-0.038502
-0.238193
-0.454711
-0.677624
-0.135327
-0.537377
-0.545724
-0.321634
-0.519436
-0.326802
-0.101969
-0.195325
0.0389525
0.13942
0.327719
0.632316
0.638763
0.879409
0.682229
0.518116
0.55222
0.188939
0.446706
-0.0122083
-0.10333
-0.116025
0.0129441
0.0590309
-0.311086
-0.46895
-0.195068
-0.0130121
0.0930678
-0.223913
-0.343205
-0.0781035
0.143973
0.125738
-0.18938
-0.184065
-0.0848111
-0.293578
-0.158905
-0.0244112
-0.141388
-0.318111
-0.397027
-0.596824
-0.571033
-0.357998
-0.14031
-0.190882
-0.459432
-0.635265
-0.701261
-0.920446
-1.09733
-1.13955
-0.739862
-0.19305
-0.588956
-0.746696
-0.782138
-0.939199
-1.14762
-0.787774
-0.461222
-0.705699
-0.527349
-0.170918
-0.323013
0.0970374
0.496646
0.677117
0.510573
0.453143
0.364821
0.476974
0.603948
0.39577
0.118655
0.649095
0.901836
0.77093
0.779883
0.50326
0.471887
0.181375
0.319274
-0.0120767
-0.160174
-0.429128
-0.650504
-0.276815
-0.0222692
-0.289239
-0.370845
-0.263878
-0.573622
-0.775364
-0.859435
-0.40134
-0.833555
-0.920231
-0.938559
-1.05154
-1.32481
-1.4256
-1.01228
-1.10805
-1.40583
-1.22196
-0.957418
-0.960294
-1.10397
-0.973541
-0.985981
-0.868386
-1.13757
-1.15179
-0.898627
-0.883062
-1.16735
-1.09145
-0.899124
-0.8978
-1.15806
-1.30112
-0.812757
-1.21665
-0.558232
-0.204539
-0.257206
-0.512948
-0.532936
-0.572373
-0.786703
-0.0478627
0.313345
0.206846
0.160558
0.400333
0.436692
0.647948
0.890112
1.12798
1.36092
0.894927
0.838168
0.630063
0.780016
0.839776
0.770931
0.797239
1.11279
1.34163
1.12483
1.08163
0.929647
1.1497
0.781166
0.886357
1.0922
0.706808
0.998881
1.23759
1.21684
0.980469
1.11641
0.703594
0.4766
0.691092
0.26367
0.124991
-0.0421684
-0.202625
0.144527
0.326221
0.436318
0.554007
0.382657
0.750516
0.996631
0.963104
0.87901
0.808998
0.961314
0.568582
0.339168
0.0399208
0.216134
-0.190374
-0.343207
0.377904
0.682584
0.555763
0.414997
0.675371
0.350988
0.20583
-0.117236
-0.156039
-0.102642
-0.122019
0.246074
-0.171379
-0.121608
-0.368806
-0.408852
-0.356117
-0.491112
0.269381
0.597538
0.563501
0.479996
0.450153
0.165089
0.31487
0.457257
0.3852
0.457632
0.542977
0.393764
0.509815
0.358466
0.444309
0.713724
0.322198
0.22678
0.072876
0.191013
-0.0195828
-0.186161
-0.157213
-0.511593
-0.563364
-0.80787
-0.92974
-0.344399
-0.768086
-0.709418
-0.490711
0.0146817
-0.383414
-0.345592
-0.526118
-0.555323
-0.521315
-0.544713
-0.0124744
-0.468332
-0.57125
-0.540479
-0.793408
-0.873469
-0.747152
-0.971683
-0.894846
-0.923614
-0.575543
-0.215398
-0.471832
-0.596423
-0.705795
-0.902441
-0.951096
-0.953017
-1.05136
-1.18418
-0.893451
-1.11065
-0.388273
-0.826268
-1.01322
-0.805705
-0.626005
-0.761543
-0.45856
-0.246933
-0.0560761
0.130205
0.182038
-0.129865
-0.30349
-0.0682715
0.233263
0.0472487
0.141674
0.0215331
0.325051
0.0925822
-0.230129
-0.430887
-0.539614
-0.623597
-0.764289
-0.782138
-1.08972
-1.23026
-1.12706
-0.879149
-1.13298
-1.20703
-1.06808
-1.27985
-1.47554
-1.4725
-1.52926
-1.67716
-1.73362
-1.70113
-1.06602
-1.47368
-1.28571
-1.51721
-1.42794
-1.37307
-1.27145
-1.02064
-1.3674
-1.06477
-1.3627
-0.970998
-0.688762
-0.709767
-0.742073
-0.974796
-0.989621
-1.16164
-0.462353
-0.0824401
-0.0609113
-0.414028
-0.46154
-0.595321
-0.63283
-0.807275
-1.01267
-1.02862
-0.927133
-1.16592
-1.24948
-0.978057
-1.19374
-1.34805
-0.431658
-0.00369062
0.0265646
0.0483829
-0.171208
-0.0293233
0.175102
0.238113
-0.053085
0.030654
0.126004
-0.120776
0.145556
0.368758
0.191404
0.269306
0.49985
0.672428
0.407432
0.404799
0.0745817
0.0115256
-0.0134836
-0.29334
-0.476827
-0.400284
-0.496597
-0.784925
-0.763843
-1.01545
-1.16887
-1.15522
-1.28291
-1.15005
-1.02632
-0.788599
-0.619734
-0.676648
-0.721142
-0.528675
-0.279274
-0.221536
-0.514789
-0.739455
-0.575722
-0.712235
-0.939349
-1.11231
-1.29436
-1.19395
-0.915118
-0.59543
-0.404708
-0.541886
-0.53799
-0.532833
-0.314687
-0.384114
-0.249475
-0.205431
-0.177848
-0.437584
-0.42311
-0.153084
-0.0213604
-0.085444
-0.21709
-0.380338
-0.302068
0.0683459
0.34504
0.31486
0.400783
0.427555
0.328076
0.321655
0.285298
0.368465
0.362167
0.333725
0.474939
0.327245
0.18123
0.191376
-0.088757
-0.0731506
0.042122
0.198368
0.12801
-0.0848458
-0.181586
-0.100311
-0.505789
-0.595071
-0.414379
-0.572057
-0.0508982
0.198227
0.172809
0.0585278
0.0939222
-0.0272975
0.222247
-0.142976
0.0117243
-0.353651
-0.402969
-0.353111
0.0937226
0.344988
0.30196
0.295076
0.572654
0.78005
1.10578
1.39538
1.66991
2.02901
1.79637
2.00155
1.59315
1.44678
1.12503
1.01546
1.36466
1.58536
1.53353
1.53166
1.18363
0.989171
1.04942
1.06163
0.624416
0.433472
0.349023
0.725965
0.917497
1.04975
0.69544
0.935281
1.0714
0.893422
0.744924
0.636113
0.299324
0.200917
0.237246
0.670793
1.10274
1.26089
1.17791
0.878718
0.813911
0.917584
0.927742
1.21247
1.37693
1.15056
0.963847
0.649198
1.0156
0.525396
0.420413
0.114608
0.349346
0.36153
0.677388
0.427393
0.479666
0.518659
0.288616
0.35861
0.568956
0.790203
0.288198
0.543089
0.925492
1.12414
0.933226
0.629377
0.585365
0.485251
0.856561
1.14343
1.01258
0.7324
0.709975
0.645715
0.803757
0.838031
0.842353
0.914871
0.972453
1.05418
1.12783
0.723071
1.08495
0.560884
0.406825
0.390337
0.0618468
-0.0823394
0.325339
0.648731
0.457237
0.57533
0.617543
0.621881
0.44299
0.387194
0.802062
0.330774
0.252132
0.0888896
-0.229685
-0.0078683
0.210859
-0.0336133
0.187055
-0.182981
-0.321692
-0.494992
-0.522351
-0.451018
-0.776739
-0.87099
-0.868355
-0.720435
-0.5503
-0.797619
-0.964812
-1.13703
-1.10871
-0.810236
-0.986419
-0.872694
-0.879236
-0.839767
-0.67121
-0.970836
-0.533754
-0.956313
-0.982088
-1.09214
-1.29301
-0.999032
-0.677004
-0.940463
-0.878966
-0.538752
-0.868682
-1.03881
-1.06579
-0.927853
-1.11474
-1.2698
-1.32046
-1.32717
-1.07455
-1.2483
-1.09387
-0.543566
-0.20362
-0.277857
-0.529616
-0.722281
-0.22125
-0.679613
-0.634044
-0.895014
-0.944328
-1.10867
-1.07294
-0.849599
-0.668211
-0.423648
-0.790147
-0.701917
-0.636406
-0.625071
-0.64265
-0.856493
-0.561952
-0.38584
-0.277135
0.0774721
0.289942
0.199795
0.0511069
0.152575
0.229863
-0.100656
-0.0983657
-0.0845075
-0.109213
-0.0382107
0.0206554
-0.232317
-0.499442
-0.597871
-0.492443
-0.71692
-0.546513
-0.100025
0.115346
0.0210931
0.0257668
0.0255857
-0.107009
-0.000850661
0.116641
0.115943
0.250114
0.408134
0.545652
0.21109
0.0526156
-0.0892675
-0.233443
-0.0526887
-0.0402243
0.131179
0.440223
0.675116
0.579958
0.615009
0.224456
0.1543
0.106425
0.3052
0.0751755
0.182403
0.0278954
-0.283703
-0.230567
-0.5532
0.0926456
0.402528
0.344947
0.47741
0.343627
0.104869
0.452161
0.0118289
-0.107469
-0.312715
-0.15115
-0.0616437
-0.0408083
0.0111811
-0.0614744
0.178541
-0.197061
-0.178259
-0.30106
-0.569786
-0.454186
-0.177585
0.00232046
0.0570038
0.171207
0.151187
-0.259357
-0.278995
-0.233888
-0.23527
0.151071
-0.2576
-0.356075
-0.605687
-0.758403
-0.893804
-1.08495
-1.17216
-1.2526
-0.95859
-1.28603
-1.43826
-1.37958
-1.30125
-0.977809
-0.672669
-0.909062
-0.997677
-1.04165
-0.889854
-0.672666
-0.870566
-0.914088
-0.264306
-0.699041
-0.762457
-0.644819
-0.763865
-0.400426
-0.752464
-0.916411
-0.880288
-0.936694
-1.05326
-1.14336
-1.19639
-0.744527
-0.451505
-0.286984
-0.506666
-0.461462
-0.60856
-0.664836
-0.677577
-0.982984
-1.00158
-0.64514
-0.394867
-0.327465
-0.397599
-0.292093
-0.351539
-0.603519
-0.801193
-0.265502
-0.00080687
0.0641703
0.206501
0.149869
-0.0134823
-0.127291
-0.0696332
-0.211061
-0.134722
-0.17462
0.158696
0.473965
0.526431
0.398186
0.278863
0.353098
0.41949
0.343289
0.441977
0.0485045
-0.0783539
0.0484303
-0.308051
-0.321743
-0.207322
-0.434599
-0.680271
-0.688179
-0.626615
-0.660191
-0.754613
-0.901363
-1.10647
-0.891657
-1.20858
-1.02135
-0.82173
-0.489737
-0.52915
-0.695213
-0.498759
-0.52267
-0.362582
-0.352054
-0.344168
-0.230631
0.108473
0.24525
-0.226735
-0.253802
-0.438848
-0.465648
-0.478627
-0.461593
-0.780802
-0.89007
-0.986671
-1.1204
-0.908301
-1.17066
-1.08882
-1.35254
-1.53644
-1.23705
-1.53984
-1.37603
-1.4266
-1.24638
-0.842415
-0.758855
-0.380753
-0.665737
-0.757586
-0.699529
-0.935784
-1.0024
-1.15149
-1.27917
-1.39161
-1.02449
-0.743973
-0.409644
-0.241264
-0.103552
0.188966
0.112472
-0.188804
-0.247936
-0.360811
-0.381502
-0.694948
-0.840315
-0.884888
-1.01512
-1.19815
-1.1723
-1.08215
-1.35859
-1.13146
-0.949799
-0.787336
-0.790056
-0.49811
-0.711954
-0.53896
-0.8193
-0.86129
-0.956144
-0.807817
-0.666098
-0.433788
-0.561426
-0.442242
-0.647457
-0.454649
-0.787231
-0.96639
-0.094781
0.334681
0.188256
0.333079
0.350696
0.140973
0.0783443
-0.233577
-0.341781
-0.558772
-0.478679
-0.736028
-0.575374
-0.300495
-0.367275
-0.670791
-0.730834
-0.859089
-1.03859
-0.965486
-1.18011
-0.753319
-0.965695
-1.06501
-0.685728
-1.04177
-1.12618
-0.939527
-0.740192
-0.726413
-0.675721
-0.757168
-0.610398
-0.376813
-0.108718
-0.261806
-0.0528529
0.15843
0.07379
-0.248112
-0.172894
-0.00706467
0.204863
-0.0825003
-0.0146284
-0.162734
-0.0966432
0.406433
0.64041
0.561466
0.62978
0.462308
0.235556
0.0307794
0.0230599
-0.231981
-0.357748
-0.196774
-0.430573
-0.499748
-0.816435
-0.358604
-0.782964
-0.823211
-0.947551
-0.87187
-0.878616
-1.13151
-1.26455
-1.38396
-1.23609
-1.10938
-1.25933
-1.27828
-1.2066
-1.2607
-0.796168
-1.17497
-1.30574
-1.0891
-0.910949
-0.821945
-0.960057
-0.93268
-0.928544
-0.95164
-0.454331
-0.19369
-0.166915
-0.103602
-0.229744
-0.106346
-0.352105
-0.502126
-0.121274
0.0970675
-0.0552168
-0.172141
-0.18828
-0.251546
-0.531854
-0.683244
-0.48147
-0.602155
-0.846395
-1.00047
-0.974753
-0.928544
-1.06319
-0.709699
-1.08971
-0.877422
-0.674716
-0.605865
-0.602424
-0.575079
-0.684206
-0.574705
-0.410022
-0.665534
-0.507704
-0.294658
-0.39539
-0.133025
-0.00243516
0.214927
-0.149788
-0.35246
-0.411533
-0.0981049
-0.368723
-0.490496
-0.775821
-0.729652
-0.855764
-0.748142
-0.83935
-1.07179
-1.02608
-1.09243
-0.945322
-0.902921
-0.984795
-1.1132
-0.945227
-0.637571
-0.194721
-0.52467
-0.603942
-0.49586
-0.692088
-0.839295
-0.992868
-0.934235
-0.910021
-0.688767
-0.882707
-1.1329
-1.19318
-1.23717
-1.4347
-1.38237
-1.18008
-1.0686
-1.02291
-0.633005
-0.955581
-1.03327
-0.630989
-0.380642
-0.389696
-0.394771
-0.59531
-0.175428
-0.593488
-0.567807
-0.7009
-0.932871
-0.943889
-1.24951
-1.36545
-1.19394
-0.907246
-0.655256
-0.691898
-0.603902
-0.842256
-0.932713
-1.00289
-0.55681
-0.172083
-0.40322
-0.619031
-0.633605
-0.587058
-0.757436
-0.627782
-0.0198367
0.277314
0.273304
0.163427
0.276753
0.0419505
0.376733
0.595855
0.396774
0.404042
0.244399
-0.0738059
-0.0414913
-0.392234
-0.441681
-0.558228
-0.841661
-0.734096
-0.543208
-0.790408
-0.730486
-0.989892
-1.07257
-0.964269
-1.17359
-0.970775
-0.427146
-0.8306
-0.909369
-1.09482
-1.21651
-1.07552
-0.96642
-0.658971
-0.411167
-0.314162
-0.47852
-0.634559
-0.506547
-0.691096
-0.61843
-0.536081
-0.589106
-0.476249
-0.461518
-0.491479
-0.635398
-0.851288
-1.05209
-0.599232
-0.237154
-0.081411
-0.118545
0.0521897
0.350174
0.401725
0.214647
0.113991
-0.173663
-0.293481
-0.43286
-0.660389
-0.699615
-0.577572
-0.431575
-0.54208
-0.729447
-0.932155
-1.03389
-1.046
-0.790137
-0.529546
-0.744699
-0.794371
-0.608887
-0.949215
-0.939942
-0.636961
-0.453234
-0.581663
-0.631077
-0.418096
-0.677971
-0.777049
-0.804473
-1.09192
-0.975954
-1.23265
-1.37332
-1.53403
-1.52315
-1.22047
-1.31862
-1.58935
-1.75217
-1.59383
-1.15795
-0.9058
-1.04885
-1.09885
-0.977235
-1.27962
-1.36664
-1.54079
-1.23414
-0.972192
-1.17425
-1.1889
-1.32679
-1.08297
-1.39179
-1.28214
-1.40658
-1.07878
-0.849784
-0.97634
-0.897392
-0.904952
-1.11471
-1.03603
-0.739205
-0.354937
-0.631221
-0.618931
-0.807746
-0.973489
-0.933893
-0.867551
-0.873515
-0.815332
-0.216185
0.0996726
0.0995803
-0.0125985
0.0484002
-0.0315186
0.0861323
-0.201225
-0.369227
-0.340913
-0.539063
-0.791312
-0.591193
-0.772123
-0.991187
-1.11935
-1.32248
-1.1176
-1.39501
-1.5247
-1.57991
-1.48054
-1.69697
-1.73091
-1.70413
-1.42921
-1.57773
-1.21707
-0.962308
-1.12698
-1.03647
-0.886782
-0.752912
-1.02348
-0.988531
-1.25733
-0.957638
-0.698551
-0.499105
-0.319396
-0.0114696
-0.227387
-0.277984
-0.0853276
0.0676819
0.0728782
-0.210906
0.00999772
0.328227
0.276065
0.504305
0.633318
0.702548
0.585137
0.532928
0.494461
0.295688
0.371162
0.0308622
0.171571
-0.0472394
-0.314643
-0.140298
-0.501462
-0.44766
-0.352541
-0.738488
-0.807935
-0.655817
-0.84426
-1.06707
-1.1182
-1.32861
-1.46534
-1.47519
-1.62428
-1.7156
-1.3279
-1.61208
-1.5395
-1.35774
-1.55066
-1.76668
-1.65955
-1.76772
-1.2709
-0.916768
-1.09692
-1.29366
-1.29421
-1.11357
-0.922024
-0.472881
-0.139589
-0.064652
0.168079
0.219788
0.418101
0.405678
-0.021436
-0.189991
-0.421006
-0.59603
-0.676708
-0.886309
-0.835581
-0.489174
-0.330181
-0.0297462
0.252764
0.364989
0.29581
0.00901673
0.101192
0.121324
0.0870584
0.155567
0.31836
0.00557132
-0.106162
0.0104262
-0.29639
-0.282574
-0.134951
0.14446
0.298266
0.18836
0.360915
0.254279
-0.0633379
0.0165379
-0.272756
-0.289157
-0.123535
-0.460173
-0.3436
-0.608097
-0.850667
-1.03191
-1.16331
-0.952335
-1.27619
-1.26188
-1.47606
-1.50347
-1.36603
-1.04394
-1.19621
-1.00993
-0.913664
-0.548812
-0.242822
-0.125205
0.0993286
0.152038
-0.0949574
0.0801905
-0.23823
-0.0785313
-0.360821
-0.232669
-0.522166
-0.489627
-0.127851
0.0745144
0.0271158
0.0391442
-0.14928
-0.0642001
-0.0975355
-0.190566
-0.42921
-0.456218
-0.584218
-0.674271
-0.822556
-0.748272
-0.787624
-1.01673
-0.596852
-0.271294
-0.529664
-0.531563
-0.725875
-0.879551
-0.937705
-0.839416
-0.931546
-0.583838
-0.262342
-0.535784
-0.401406
-0.205235
-0.187317
-0.132389
-0.423236
-0.391094
-0.423322
-0.302037
-0.616023
-0.701077
-0.91831
-1.0206
-1.02524
-1.16643
-0.669344
-0.329149
-0.607596
-0.553393
-0.467848
-0.603368
-0.651247
-0.574543
-0.437587
-0.405178
-0.347887
-0.215735
-0.522229
-0.526673
-0.396154
-0.339165
-0.547043
-0.405801
-0.67394
-0.573683
-0.804746
-0.695345
-0.554033
-0.559456
-0.0634181
0.237186
0.160993
-0.0629383
-0.148622
-0.145118
0.0137726
0.203603
0.195599
0.0385062
-0.24142
-0.466462
-0.384808
-0.697313
-0.852595
-0.871561
-0.818417
-0.724653
-0.419743
-0.211057
-0.0401599
-0.273204
-0.524818
-0.634288
-0.64944
-0.642016
-0.646184
-0.585989
-0.44423
-0.244018
-0.409744
-0.284843
-0.391806
-0.427217
-0.514769
-0.729585
-0.552459
-0.00575302
0.552751
1.06796
1.34118
1.44362
1.1505
0.78646
0.668991
0.956497
1.18259
0.869235
0.816341
1.01321
0.724074
0.745894
0.546457
0.351571
0.408851
0.19506
-0.0822747
0.205532
0.381503
0.324763
0.40164
0.312527
0.250556
0.543522
0.746765
0.749851
0.415044
0.421966
0.368158
-0.0135311
0.0221744
-0.102665
-0.423775
-0.577248
-0.546194
-0.425818
-0.0889114
-0.432446
-0.661755
-0.787007
-0.676279
-0.163122
-0.332574
-0.656059
-0.671713
-0.404379
-0.780854
-0.77297
-0.416565
-0.752912
-0.89976
-0.878728
-0.93568
-0.675389
-0.481136
-0.575568
-0.265739
0.0331393
0.255091
-0.0593709
0.0957594
-0.269651
-0.330949
-0.535073
-0.61378
-0.77771
-0.872951
-0.887354
-0.564356
-0.561688
-0.152433
0.235187
-0.104284
-0.0337208
0.0467804
0.0784418
0.25216
0.448299
0.338774
0.257377
0.16719
0.460753
0.601497
0.43282
0.313422
0.000522877
-0.0973348
-0.00124172
-0.216341
-0.0409576
0.197717
0.320772
0.298396
0.618374
0.826713
0.818839
0.706295
0.770466
0.978642
0.859494
0.956459
0.863923
0.865159
0.834822
0.613208
0.741388
0.529654
0.550463
0.66412
0.229701
0.397862
0.549016
0.342996
0.466685
0.674735
0.706958
0.577784
0.564573
0.770422
0.582674
0.445177
0.10516
0.0431339
0.170051
0.0397579
0.177284
0.139417
-0.170939
-0.128878
0.324497
-0.0893022
-0.260205
-0.445421
-0.661074
-0.387254
-0.191543
-0.38841
-0.105771
-0.513778
-0.583002
-0.536076
-0.631712
-0.819383
-1.05608
-1.24706
-0.956209
-0.799491
-0.862695
-0.668951
-0.902849
-1.09015
-0.864819
-1.08965
-0.699028
-0.333631
-0.378947
-0.172382
-0.301273
-0.215869
-0.295319
-0.61687
-0.720524
-0.621266
-0.857233
-1.06468
-0.980455
-0.859734
-0.931707
-0.945472
-1.0479
-0.800595
-0.534346
-0.378206
-0.472517
-0.308475
-0.267669
-0.330017
-0.505585
-0.303934
-0.441852
-0.308023
-0.277228
-0.0893697
-0.230784
-0.131341
-0.214723
-0.178005
-0.395174
-0.172954
-0.421573
-0.7011
-0.735583
-0.937583
-0.94812
-1.04281
-1.16081
-0.96817
-1.1955
-1.24173
-1.44979
-0.93498
-0.578398
-0.43799
-0.466604
-0.497228
-0.613124
-0.506892
-0.725984
-0.891505
-0.460976
0.198458
0.72745
0.880257
0.684284
0.478217
0.177753
0.0774523
0.123342
-0.102863
0.0846126
-0.264431
-0.335616
-0.631831
-0.620134
-0.892035
-0.903801
-1.10854
-1.00984
-1.11667
-0.936479
-1.11211
-1.07379
-1.15472
-1.16795
-1.26075
-1.40139
-1.09256
-0.871036
-1.01371
-0.838079
-1.15521
-1.20211
-1.24576
-1.07324
-1.31605
-1.27564
-1.2182
-1.04828
-1.1472
-1.28289
-1.28967
-1.31462
-1.21571
-1.0604
-1.07052
-0.963986
-1.1726
-1.12785
-1.0865
-1.03881
-1.19079
-1.39526
-1.40261
-0.335427
0.194039
0.0438799
0.198104
0.171991
-0.0625777
-0.100699
-0.228937
-0.120451
-0.349329
-0.503157
-0.33749
-0.198562
-0.367477
-0.385698
-0.195443
-0.41648
-0.401045
-0.351154
-0.548592
-0.634248
-0.548133
-0.367024
-0.166834
-0.259088
-0.288195
-0.367768
-0.313508
-0.536095
-0.698743
-0.742867
-0.759573
-0.915194
-0.871173
-0.859999
-0.814923
-0.804321
-0.688624
-0.49425
-0.393688
-0.37081
0.0472451
-0.368218
-0.336108
-0.660191
-0.819229
-0.855953
-0.714718
-1.01555
-0.902152
-1.12174
-0.851543
-1.13734
-1.31761
-1.27166
-1.26741
-1.11074
-1.21037
-1.10259
-1.02589
-0.942791
-1.14713
-0.704753
-1.09303
-1.03271
-1.31988
-1.06213
-0.994788
-0.730063
-0.895869
-0.883668
-0.955466
-1.1102
-1.06028
-1.06678
-1.14514
-0.923751
-0.721638
-0.739691
-0.584165
-0.724784
-0.98099
-0.981578
-1.11184
-1.0669
-1.08938
-1.20797
-1.14285
-1.19399
-1.09734
-1.14417
-0.998344
-1.14708
-0.937938
-0.873664
-1.21564
-1.23495
-1.02814
-0.871309
-0.925705
-1.01358
-0.878164
-1.14712
-1.15745
-1.23297
-1.09692
-1.24649
-1.21537
-1.33575
-1.31487
-1.61096
-1.60174
-1.34907
-1.67357
-1.68599
-1.76615
-1.84271
-1.81326
-0.897393
-1.16133
-0.949397
-0.993816
-0.926051
-0.885039
-0.895879
-0.952158
-1.14512
-1.12292
-0.790583
-1.09049
-1.0786
-1.08448
-0.622238
-0.344528
-0.466353
-0.525448
-0.600492
-0.519494
-0.802442
-0.878613
-1.03619
-1.02688
-1.04822
-1.08148
-0.998742
-1.15224
-1.18546
-1.28043
-1.12512
-0.870366
-0.578614
-0.837266
-0.801557
-0.641971
-0.888941
-0.559788
-0.773869
-1.03533
-1.10864
-1.18695
-1.13833
-1.32861
-1.4128
-1.42838
-1.36071
-1.62065
-1.67639
-1.62062
-1.67518
-1.56166
-1.27598
-1.53819
-0.671085
-0.228413
-0.318193
-0.476467
-0.665393
-0.809637
-0.859186
-1.1204
-1.22471
-1.2894
-0.928021
-1.1645
-1.3922
-1.32035
-1.22493
-1.37479
-1.44479
-1.43275
-1.26325
-1.51574
-1.46489
-1.43672
-1.069
-1.123
-0.915427
-0.955303
-0.996011
-1.10535
-0.885673
-0.561009
-0.637681
-0.479966
-0.590627
-0.704985
-0.594886
-0.375202
-0.60599
-0.718734
-0.604533
-0.880342
-0.899281
-1.16177
-1.25732
-1.10263
-1.40437
-1.5118
-1.54973
-1.50541
-1.72286
-1.77919
-1.75569
-1.72657
-1.64665
-1.82022
-1.78822
-1.64838
-1.71626
-1.7276
-1.62299
-0.862308
-0.470916
-0.430217
-0.712025
-0.775188
-0.389571
-0.118376
-0.161376
-0.13081
-0.395838
-0.407088
-0.446379
-0.607223
-0.711803
-0.725654
-0.769131
-1.03236
-0.853475
-0.67163
-0.850294
-0.929804
-0.616762
-0.919569
-1.12105
-1.23638
-1.29998
-1.37856
-1.56251
-1.72994
-1.59868
-1.50635
-1.51775
-1.45765
-1.38143
-1.59544
-1.51645
-1.47443
-1.65731
-1.81653
-1.44397
-1.7549
-1.69577
-1.56199
-1.70706
-1.81377
-1.74639
-1.8356
-1.97726
-2.05261
-2.20602
-1.67596
-1.73394
-1.50717
-1.43159
-1.23632
-1.058
-1.28904
-1.18246
-1.2894
-1.40161
-1.37639
-1.56504
-1.71824
-1.68502
-1.59822
-1.45767
-1.48244
-1.51332
-1.27001
-0.890903
-1.1558
-1.09463
-1.00438
-1.30839
-1.29658
-1.4792
-0.936833
-1.32652
-0.9551
-1.27753
-1.26021
-1.18946
-1.10629
-1.11005
-1.10624
-1.29416
-1.45989
-1.64621
-1.46769
-1.02412
-1.12333
-1.29583
-1.1877
-1.2082
-1.35398
-1.39846
-1.40854
-1.44808
-1.42039
-1.06193
-1.13046
-1.28095
-1.1847
-1.48122
-1.57334
-1.7208
-1.24621
-1.25055
-1.45672
-0.995404
-1.34761
-1.20449
-1.0854
-1.39602
-1.57184
-1.61942
-0.996376
-1.20923
-0.685205
-0.467441
-0.544846
-0.0749916
0.656046
1.07685
0.796167
1.03532
1.27608
1.06593
0.785042
0.711186
0.527357
0.20043
0.100987
0.100193
0.0605834
0.198954
0.0256797
-0.0311026
0.176228
0.356349
0.462509
0.359915
0.0720507
-0.105875
-0.176944
0.0770821
-0.346915
-0.335691
-0.246936
-0.237973
-0.313964
-0.125887
0.0436243
-0.0841344
0.331325
0.710166
0.975135
0.703232
0.778047
0.731309
0.692201
0.857048
0.646239
0.424729
0.548844
0.718107
0.644376
0.344371
0.337884
0.0848632
0.102453
0.0208126
-0.29812
-0.351771
-0.193141
-0.118613
0.0178579
0.164718
0.124092
-0.161041
-0.176606
-0.125373
-0.181408
-0.133743
0.00775113
-0.296219
-0.490925
-0.340372
-0.414148
-0.70774
-0.925549
-0.770758
-0.602315
-0.783548
-0.817887
-0.637494
-0.884611
-0.844088
-1.00358
-0.975275
-0.57226
-0.180369
-0.438449
-0.251686
-0.486337
-0.712898
-0.578607
-0.904338
-0.947824
-1.15794
-1.3095
-1.3083
-1.19261
-1.35245
-1.32368
-1.17838
-1.06151
-0.985173
-0.820171
-0.531944
-0.260896
-0.288677
-0.160326
-0.354358
-0.464951
-0.578149
-0.42779
-0.511319
-0.555197
-0.824359
-0.77524
-0.475608
-0.780631
-0.898286
-0.880169
-1.07495
-1.12455
-1.04807
-1.06422
-1.04873
-0.907333
-1.21541
-0.967666
-0.737891
-0.612766
-0.811515
-0.741311
-0.886493
-1.02779
-1.15673
-1.38366
-1.43942
-1.09775
-0.856114
-0.701333
-0.75582
-0.504719
-0.723828
-0.903724
-1.03712
-1.23591
-1.29742
-1.0504
-0.961422
-1.31228
-1.17008
-1.27584
-1.17125
-1.21933
-1.16452
-1.07818
-1.0182
-1.00193
-1.05712
-1.25376
-1.0824
-1.37397
-1.20516
-0.946341
-1.18208
-0.952062
-1.29069
-1.24211
-1.17705
-1.14991
-1.06093
-1.23437
-1.21295
-1.43304
-1.48595
-1.09188
-0.790723
-0.691252
-0.759345
0.0973109
0.621307
0.81189
0.566645
0.682785
0.311053
0.351832
0.440193
0.33821
0.292424
0.686719
0.977775
0.79165
0.857922
0.85387
0.623017
0.435274
0.182282
0.172344
0.00478737
0.291632
-0.164369
-0.0755425
0.274785
0.448408
0.391402
0.436745
0.17352
0.28261
0.574378
0.6902
0.550494
0.636939
0.318992
0.511467
0.0864459
0.0537627
0.072402
0.552574
0.856316
0.894952
0.996687
0.836519
0.711961
0.501023
0.61119
0.844881
0.920613
0.873798
0.972663
1.08956
1.2632
1.60928
1.13736
0.890184
0.778585
0.50236
0.743608
1.13456
0.714011
0.534367
0.278468
0.06112
-0.185014
-0.206086
0.0259872
-0.293546
-0.309845
-0.177802
-0.170378
0.024034
-0.115193
-0.127835
-0.27655
-0.207939
0.0184043
-0.227536
-0.522353
-0.483952
-0.691831
-0.931224
-0.59988
-0.422526
-0.540694
-0.323438
-0.655403
-0.826677
-0.511225
-0.866965
-0.99751
-1.07184
-0.845599
-1.11089
-1.26917
-1.32687
-1.34846
-1.05812
-1.2358
-1.13653
-0.968437
-0.659825
-0.487076
-0.244633
-0.581413
-0.637493
-0.909882
-0.854722
-1.00928
-1.257
-1.2525
-0.71521
-0.345015
0.00975141
-0.0171698
-0.192503
-0.164471
-0.275068
-0.244856
-0.603321
-0.727655
-0.850301
-0.884924
-1.16833
-1.06297
-0.900652
-1.09605
-0.923828
-1.22282
-1.27617
-1.32586
-1.26343
-1.41742
-1.00706
-1.3287
-1.29525
-1.18524
-1.41614
-1.56163
-1.16502
-0.906613
-0.680405
-0.935914
-0.394827
-0.0933318
-0.140653
-0.144648
0.205091
0.51744
0.315144
0.188397
-0.0192035
0.0280138
0.10024
-0.153157
0.00057134
0.112154
0.0602733
0.152354
0.154729
0.183064
0.28723
0.469857
0.150669
-0.0520041
-0.114573
-0.381703
-0.636213
-0.742089
-0.726471
-0.948548
-1.01491
-0.646296
-0.992287
-0.733945
-1.09061
-1.1173
-0.749165
-0.518808
-0.539572
-0.62966
-0.599015
-0.883478
-0.760679
-1.08505
-0.954638
-0.832285
-0.855041
-1.0388
-1.05647
-1.32057
-1.28982
-0.972338
-0.771815
-0.835968
-0.722005
-0.703773
-0.876933
-0.973353
-0.753329
-1.00263
-0.991572
-0.632847
-0.321275
-0.155988
0.376191
0.726191
0.462493
0.524647
0.199404
0.301691
0.482464
0.622021
0.860175
0.777302
0.563469
0.332838
0.357674
0.102892
0.493761
0.745679
0.502277
0.455865
0.365571
0.052433
-0.0177123
0.126811
0.0513995
-0.306521
-0.462865
-0.605173
-0.523206
-0.747708
-0.997102
-1.00042
-0.932583
-1.10751
-1.21628
-1.08055
-0.961202
-0.771081
-0.536711
-0.741682
-0.666849
-0.536784
-0.414116
0.0383643
0.276826
0.194834
-0.0902563
0.11567
0.311931
0.113018
0.0223103
-0.27859
-0.185847
-0.497055
-0.547061
-0.656104
-0.505317
-0.730487
-0.692938
-0.857289
-0.901463
-0.921946
-1.20923
-1.18932
-1.30881
-0.846907
-1.10363
-1.33327
-1.36917
-1.31752
-1.45447
-1.5803
-1.48159
-1.66269
-1.69817
-1.25208
-1.61508
-1.72815
-1.55265
-1.3827
-1.3184
-1.10768
-1.39022
-1.34546
-1.43055
-0.991634
-0.672118
-0.499916
-0.71219
-0.610434
-0.87343
-0.845711
-0.866053
-0.742998
-1.07155
-0.913418
-1.23516
-1.34219
-1.24836
-1.28329
-1.52293
-1.69578
-1.38999
-1.70422
-1.39814
-1.16436
-0.943419
-1.01146
-0.772396
-0.917116
-0.80218
-0.849241
-1.08116
-0.862199
-1.12919
-1.11523
-0.913512
-1.18787
-1.35634
-1.34419
-1.41221
-1.02133
-0.414987
-0.0535683
-0.309089
-0.354554
-0.0959829
0.177294
0.134617
-0.051731
-0.344288
-0.462661
-0.331368
-0.591313
-0.590552
-0.867981
-0.94642
-1.05921
-0.928837
-1.05287
-0.655378
0.247786
0.816845
1.02212
1.22844
1.46438
1.53944
1.26021
1.54166
1.3273
1.47131
1.91775
2.28201
2.0292
2.45318
2.78869
2.67761
2.93975
2.64535
2.62783
2.49615
2.48711
2.67762
2.14567
2.1664
1.80557
1.91963
1.57291
1.79542
1.94771
1.65663
1.99462
1.43882
1.48877
1.13479
0.852004
1.11643
0.908518
1.00144
1.04052
0.787166
1.10855
1.3283
0.993673
0.909045
0.72529
0.409367
0.732988
0.365489
0.724711
0.914069
0.781579
0.561015
0.594788
0.513134
0.137668
0.406616
0.691997
0.819177
0.577554
0.790337
0.41381
0.582815
0.275107
0.253146
0.243789
0.189953
-0.182461
-0.231951
-0.408181
-0.399192
-0.246512
-0.624941
0.150301
-0.153332
-0.371804
-0.232219
0.78498
1.35456
1.14688
1.01948
0.68889
0.583647
0.457607
0.422771
0.205762
0.552685
0.795875
0.784377
0.974099
0.756984
0.501883
0.278272
0.320203
0.11981
0.222251
0.0189028
0.124088
-0.0422248
0.172416
-0.0252908
-0.298392
-0.320305
-0.329385
-0.61143
-0.635406
-0.422599
-0.170786
-0.0733242
-0.240735
-0.0291761
-0.320947
-0.233575
-0.381896
-0.59782
-0.640379
-0.699648
-1.01727
-1.0698
-0.830283
-0.334726
-0.704887
-0.746409
-0.798552
-0.962552
-1.00344
-0.89051
-0.995306
-0.741643
-1.02558
-0.784555
-1.11557
-1.01806
-1.20641
-0.815652
-0.613895
-0.146295
0.524097
0.698478
0.947318
0.735891
0.800376
0.727425
0.452831
0.250937
0.246449
0.354415
0.463852
0.540883
0.6009
0.763164
0.71721
0.568271
0.246227
0.247279
0.0560151
-0.0186097
0.298101
0.158587
0.441986
0.161925
0.00770041
0.0848619
-0.226939
-0.143842
-0.128506
-0.214985
-0.00810835
0.184725
0.0336106
-0.00955846
-0.191595
0.09939
0.30718
0.705425
0.996258
0.807927
0.816005
0.699388
0.644959
0.515163
0.119027
0.175175
-0.183468
-0.160401
-0.200362
0.095449
-0.0349535
-0.311582
-0.0798792
0.0587286
-0.0576343
0.00336661
0.0781779
-0.308526
-0.375052
-0.486786
-0.251227
-0.577266
-0.762686
-0.57151
-0.885665
-0.876054
-0.697489
-0.508636
-0.582574
-0.57968
-0.265545
-0.618961
-0.660464
-0.834826
-0.750699
-0.714397
-0.743944
-0.790611
-0.693595
-1.00313
-1.01251
-0.985722
-0.581578
-0.251736
-0.405873
-0.270748
-0.577401
-0.657685
-0.55483
-0.628869
-0.748581
-0.590898
-0.384961
-0.308009
-0.690029
-0.762613
-0.696262
-0.887438
-0.0506228
0.343529
0.342502
0.601683
0.399555
0.0816755
0.0969384
-0.200433
-0.290186
-0.592641
-0.727163
-0.828538
-0.830278
-1.11642
-1.19153
-1.10395
-0.986677
-0.771812
-0.600811
-0.455252
-0.0553138
0.319254
0.49904
0.146572
0.284157
0.446024
0.612626
0.294073
0.377509
0.0960999
0.0168261
-0.31175
-0.367833
-0.639627
-0.672742
-0.278901
-0.0501543
-0.0406871
-0.183581
-0.0878522
-0.0528099
0.0473901
-0.338531
-0.424718
-0.431273
-0.343454
-0.243669
-0.648919
-0.741675
-0.780962
-0.755497
-1.08461
-1.1237
-1.21546
-0.720933
-1.03355
-1.06917
-0.785441
-0.477348
-0.567906
-0.269629
-0.560705
-0.719362
-0.829462
-0.739196
-0.808894
-0.682902
-0.692088
-0.596449
-0.532575
-0.642393
-0.604429
-0.3157
0.123663
0.423213
0.308081
-0.016505
-0.000160888
0.0391732
0.0893668
-0.205202
-0.128727
-0.432455
-0.48727
-0.65986
-0.779435
-0.956058
-1.00726
-1.02749
-0.669722
-1.00486
-1.06046
-1.14983
-1.02544
-1.24431
-1.33461
-1.46321
-1.16395
-0.993625
-0.585098
-0.141471
-0.431855
-0.642842
-0.601417
-0.803288
-1.00174
-1.19377
-1.33523
-1.13286
-1.02872
-1.33524
-1.21946
-1.01619
-0.574597
-0.851492
-0.981767
-0.935954
-0.992054
-0.750533
-0.310093
0.0530547
-0.19169
-0.434618
-0.356219
-0.674779
-0.759248
-0.7298
-0.7494
-0.848618
-0.767036
-0.609906
-0.797352
-0.624382
-0.869965
-1.02246
-1.08474
-1.15758
-1.25511
-1.42441
-1.49804
-1.21365
-0.702368
-0.460279
-0.453248
-0.534704
-0.821954
-0.946259
-0.905938
-0.606324
-0.848208
-1.06161
-1.09121
-1.12699
-1.34594
-1.27414
-1.17909
-1.09472
-0.79487
-0.613528
-0.667192
-0.467535
-0.729447
-0.531468
-0.0957611
0.130471
0.109842
0.00310361
-0.30653
-0.441204
0.0346606
0.291854
0.266036
0.410962
0.267578
0.406734
0.158093
0.0616322
-0.220811
-0.195844
-0.159897
-0.200053
-0.00167281
-0.288312
-0.543083
-0.519193
-0.743682
-0.938119
-1.14769
-0.984478
-1.27671
-1.17719
-0.751377
-1.08608
-1.22336
-1.21113
-1.12869
-1.22617
-1.35349
-1.59058
-1.52896
-1.05326
-0.818974
-0.740982
-1.01569
-1.02248
-1.19596
-1.09485
-1.2815
-1.21348
-1.14144
-1.20147
-0.35199
0.133042
0.106254
0.370881
0.502093
0.256449
0.357288
0.371691
-0.0300126
-0.129183
-0.0101889
-0.16059
-0.0327607
0.178501
-0.0717691
0.0953902
0.24024
0.449111
0.182088
-0.0493388
0.00720176
-0.372802
-0.478577
-0.600075
-0.611239
-0.533482
-0.789786
-0.14802
0.148195
0.0761045
0.0410224
0.0495376
-0.203207
-0.0537817
0.0941019
0.241776
0.442825
0.523421
0.686709
0.788488
0.676288
0.692111
0.596327
0.782552
0.573488
0.2547
0.143108
0.411541
0.630888
0.455267
0.414379
0.35642
0.329245
0.637859
0.750734
0.752182
0.44036
0.579354
0.736442
0.726479
0.826126
0.938922
0.842385
0.465466
0.527711
0.735478
0.406602
0.39499
0.790928
0.999494
1.09199
0.711001
0.701494
