-0.0109196
0.0455463
-0.0303235
-0.0426005
-0.0877311
-0.127646
-0.220624
-0.200151
-0.200352
-0.158855
-0.177926
-0.138643
-0.157105
-0.204595
-0.0642744
-0.0599699
-0.0552325
-0.106734
-0.173206
-0.235987
-0.241384
-0.234262
-0.227023
-0.245738
-0.209177
-0.112927
-0.0656688
-0.148656
-0.215586
-0.221417
-0.203914
-0.218599
-0.206017
-0.186852
-0.138507
0.0878224
0.453804
0.332719
0.332841
0.411384
0.464976
0.285931
0.268867
0.168804
0.146532
0.166773
0.331597
0.236162
0.201791
0.219819
0.0920652
0.0661587
-0.104598
-0.0964013
-0.11199
-0.0959256
-0.060863
0.0130147
-0.00495831
-0.0163399
-0.0142671
-0.125771
-0.134253
-0.156214
-0.16545
-0.16936
-0.114737
-0.155097
-0.183349
-0.280521
-0.293986
-0.292803
-0.249113
-0.344717
-0.277723
-0.2481
-0.342078
-0.336051
-0.288961
-0.174505
-0.188288
-0.241377
-0.291312
-0.323968
-0.309962
-0.276287
-0.268505
-0.122635
-0.212859
-0.176315
-0.165336
-0.236089
-0.186472
-0.274825
-0.255429
-0.234764
-0.204825
-0.0926238
-0.131021
-0.155972
-0.239161
-0.210267
-0.262158
-0.246154
-0.164889
0.00661679
0.195912
0.0562627
0.0451947
0.161651
0.0115256
-0.0564665
-0.11883
-0.105434
-0.0938408
0.0570412
0.00215248
0.0914084
0.134499
0.228796
0.0794774
0.0654763
0.0610849
-0.0380404
-0.0814557
-0.0699727
-0.12552
-0.089704
0.0669432
0.0200423
-0.1388
-0.168374
-0.1636
-0.152583
-0.127008
-0.14724
-0.0285477
-0.0153055
0.152082
0.169329
0.387912
0.517641
0.364833
0.421427
0.348637
0.311653
0.515512
0.351363
0.249196
0.208202
0.454408
0.447828
0.394926
0.488497
0.548107
0.466716
0.27947
0.255108
0.225413
0.0899885
0.107995
-0.00819579
0.148182
0.365008
0.171496
0.185418
0.0867536
-0.0129235
0.0719132
0.0674137
0.191628
0.202406
0.0756802
0.0425935
-0.0344885
-0.035004
0.123082
-0.160167
-0.20869
-0.116796
-0.144333
-0.119509
-0.0936906
-0.143149
-0.200213
-0.126704
-0.245397
-0.219948
-0.185559
-0.166772
-0.284566
-0.186574
-0.284591
-0.248289
-0.173884
-0.210314
-0.0933201
-0.00808085
-0.0487176
0.0740452
0.312865
0.237991
0.143073
0.142039
0.117482
-0.00757006
-0.0377565
0.0430644
0.0200452
0.248324
0.213607
0.272556
0.210073
0.432386
0.440366
0.510923
0.584353
0.314335
0.325057
0.411878
0.373158
0.455353
0.398463
0.542865
0.406816
0.552302
0.487879
0.201733
0.186512
0.0812882
0.141047
0.236563
0.095041
-0.05842
-0.0477229
0.00403742
0.288448
0.17955
0.193965
0.305697
0.394884
0.310385
0.281127
0.223204
0.0794195
-0.00440366
-0.004314
0.118036
0.13367
0.191815
0.248469
0.284665
0.464509
0.443632
0.5345
0.411241
0.325387
0.365507
0.315518
0.474306
0.53877
0.687706
0.697826
0.729091
0.511038
0.418851
0.514577
0.3437
0.274294
0.343862
0.192159
0.0573724
0.257289
0.471887
0.491728
0.397735
0.412343
0.336527
0.23927
0.135836
0.203335
0.184901
0.137416
0.10196
0.17275
0.115058
-0.0111915
-0.0932406
-0.0625382
0.104951
0.304672
0.294647
0.297009
0.256925
0.418538
0.470847
0.59744
0.300952
0.351779
0.322077
0.428126
0.57065
0.287915
0.496974
0.346986
0.149054
0.146982
0.247782
0.259262
0.315974
0.363555
0.045676
0.0286459
-0.00346145
0.00178439
-0.0115538
0.00115156
0.0671426
0.0951308
0.270874
0.271889
0.288603
0.0299093
0.0246571
-0.0877321
-0.0890488
-0.0400524
-0.0239687
-0.057083
-0.155123
-0.147263
-0.0923397
0.0326268
-0.177258
-0.194806
-0.115263
-0.138998
0.0651844
0.0747962
0.0943356
-0.0276143
-0.0330313
-0.0322896
-0.164783
-0.169548
-0.181048
-0.0373605
0.134787
0.13704
0.251324
0.164995
0.107068
0.0418946
0.0231575
0.124271
0.159008
0.188472
0.127408
0.411459
0.353028
0.371576
0.455187
0.394267
0.253628
0.22166
0.249483
0.308518
0.290775
0.40003
0.367943
0.352082
0.351165
0.543799
0.532045
0.456908
0.41346
0.508018
0.460445
0.518898
0.374172
0.497094
0.429206
0.485125
0.521463
0.615538
0.396361
0.279629
0.196641
0.187649
0.0645656
0.0783532
0.270911
0.266266
0.400975
0.228815
0.0726764
0.194144
0.227328
0.343371
0.090806
0.0705957
0.240818
0.0687158
-0.0232616
0.083684
0.134827
0.0478204
0.0165535
0.162345
0.24552
0.179176
0.167232
0.0769387
0.263531
0.218716
0.126483
0.0148456
0.118787
0.160806
0.242684
0.480413
0.438613
0.324198
0.545632
0.481288
0.329623
0.443911
0.792408
0.705745
0.971266
0.777999
0.493628
0.651803
0.755398
0.677065
0.509706
0.750436
1.24669
0.939264
0.899927
1.0523
1.10642
1.33073
1.44435
1.51395
1.70843
1.82909
1.18017
1.34732
1.75151
1.44802
1.41666
1.05988
1.22674
1.41678
1.30642
1.47293
1.66134
1.07371
1.06299
0.777523
0.675801
0.681468
0.544699
0.933351
1.22312
0.957408
0.986183
1.13888
1.34681
1.02311
1.24108
1.21379
1.13463
1.4783
1.72476
1.45148
1.02718
0.96348
0.662255
0.85619
1.4138
1.13249
0.925699
1.0221
0.812934
0.538695
0.629428
0.567071
0.714437
0.584018
0.744653
0.377042
0.458082
0.571786
0.561248
0.615178
0.639153
0.540926
0.449907
0.480156
0.276965
0.242962
-0.0468366
-0.024623
0.0572029
0.360048
0.33138
0.516597
0.653068
0.63814
0.80554
0.734034
0.760274
1.08949
0.776237
0.809775
0.71324
0.60961
0.56382
0.374644
0.640614
0.726522
0.688804
0.536234
0.537447
0.446953
0.178149
0.366412
0.726731
0.623904
0.571225
0.689726
0.927452
0.864629
0.860104
0.893963
1.07354
0.776701
0.776285
0.838329
0.978594
1.16558
1.11819
0.965887
1.13155
1.03007
1.11551
0.707042
0.702761
0.37853
0.278059
0.380747
0.168333
-0.0304099
0.169033
0.58727
0.0660382
0.27444
0.190437
0.0302813
0.302827
0.581912
0.485361
0.35532
0.0944409
-0.00424822
0.139378
0.357785
0.353812
-0.00013679
0.0396898
0.219688
0.123105
-0.0220804
0.127962
0.535677
0.347936
0.369364
0.277783
0.132485
0.208959
0.257613
0.0482682
0.0395142
0.128017
-0.202782
-0.0941059
-0.232615
0.0177619
-0.156855
0.06802
0.145677
0.365957
0.266377
0.364954
0.103489
0.107973
0.180995
0.289756
0.331774
0.127158
0.296132
0.181542
0.079139
-0.16588
-0.134433
0.0230533
-0.0764561
-0.0728097
-0.0254909
-0.079211
-0.0500353
-0.098522
-0.0355696
0.217841
0.314894
0.292546
0.201694
0.238676
0.477579
0.429148
0.356335
0.145484
0.162091
0.0670061
0.137157
0.173002
0.407065
0.394403
0.510851
0.4675
0.408966
0.43087
0.204279
0.230102
-0.0514458
-0.0163139
-0.110082
-0.220497
-0.264427
-0.142592
-0.379117
-0.40787
-0.412104
-0.319594
-0.246624
-0.352809
-0.2788
-0.457274
-0.457643
-0.380104
-0.25087
-0.387976
-0.297233
-0.111984
-0.213483
-0.278055
-0.0758448
0.187146
0.0989838
0.0172851
-0.0361355
-0.240515
-0.22493
-0.237114
-0.227722
-0.240481
-0.210005
-0.0234156
0.198591
0.21293
0.13538
-0.000132881
-0.0786193
-0.139945
-0.24868
-0.228407
-0.268408
-0.248546
-0.409586
-0.363837
-0.351217
-0.289398
-0.322329
-0.17848
-0.041727
0.0466781
-0.133336
-0.0995657
0.029863
0.267525
0.294119
0.159295
0.00985494
-0.0185903
-0.0946968
-0.156062
-0.195873
-0.110371
-0.289214
-0.303286
-0.184816
-0.260702
-0.169636
-0.0503348
-0.134643
0.00820629
0.110129
0.173304
0.355881
0.233582
0.464845
0.364012
0.298618
0.277767
0.0937935
0.125385
-0.103782
-0.100953
-0.129794
-0.00756166
-0.0337011
-0.185036
-0.19336
-0.142092
0.00542099
0.0543224
-0.0789648
-0.0960248
-0.0810653
0.0947331
0.0675608
-0.0630868
-0.0511232
0.0366731
-0.0306901
-0.00113061
0.10447
0.0585682
-0.00604346
-0.0485908
-0.118437
-0.065326
-0.0596031
0.0693203
0.0186364
-0.088372
-0.128405
-0.141148
-0.18777
-0.206202
-0.180089
-0.150952
0.00244262
-0.172138
-0.196493
-0.193667
-0.231397
-0.258881
-0.240778
-0.103539
-0.191586
-0.185209
-0.0278542
-0.141314
0.0255586
0.247613
0.415304
0.333272
0.333885
0.270062
0.349316
0.4188
0.272611
0.143285
0.278401
0.517581
0.455689
0.478634
0.336676
0.328545
0.208225
0.22066
0.0600019
0.00568986
-0.0631943
-0.0880378
-0.0608929
0.0788002
-0.0244297
-0.0159896
-0.0106911
-0.122896
-0.152937
-0.156113
-0.139887
-0.292972
-0.275513
-0.271848
-0.303632
-0.341832
-0.327619
-0.294946
-0.363579
-0.419903
-0.378305
-0.283171
-0.318809
-0.376733
-0.287783
-0.251136
-0.221574
-0.281492
-0.272724
-0.209628
-0.262118
-0.345127
-0.345413
-0.250734
-0.26698
-0.334602
-0.333552
-0.292945
-0.412723
-0.325523
-0.107486
-0.137246
-0.23038
-0.197443
-0.216192
-0.279534
-0.114991
0.145907
0.0754924
-0.0129932
0.165619
0.0953914
0.307563
0.400237
0.634431
0.746336
0.400449
0.399218
0.266611
0.373931
0.482851
0.447214
0.513373
0.595343
0.824463
0.668865
0.696135
0.628086
0.675222
0.402286
0.487724
0.609232
0.372058
0.41748
0.673424
0.702912
0.570328
0.603513
0.342132
0.267013
0.309927
0.0824165
0.0755836
0.0460875
0.0282795
0.0914116
0.239939
0.268657
0.388041
0.320086
0.397099
0.617
0.629755
0.604409
0.589665
0.55414
0.286619
0.175051
0.0846586
0.101117
-0.0591384
-0.0608176
0.0639485
0.332429
0.258258
0.155292
0.301403
0.0922933
0.013678
-0.0979983
-0.0893431
-0.0141139
0.029362
0.0884481
-0.135149
-0.0707124
-0.139542
-0.1204
-0.0682981
-0.119128
0.0484511
0.311505
0.331967
0.322376
0.307006
0.174482
0.176007
0.31678
0.313659
0.332543
0.424527
0.35766
0.397018
0.259894
0.359057
0.395154
0.133453
0.0556238
-0.0593651
0.0684879
-0.0116492
-0.0620307
-0.0980449
-0.216944
-0.196106
-0.232187
-0.216244
-0.157842
-0.319846
-0.273637
-0.187989
-0.024763
-0.231122
-0.160163
-0.191765
-0.158326
-0.120143
-0.149891
-0.0065974
-0.214892
-0.204982
-0.176486
-0.228491
-0.223661
-0.235148
-0.308546
-0.240226
-0.247291
-0.249689
-0.0706037
-0.172759
-0.19074
-0.200227
-0.226512
-0.213565
-0.17342
-0.170241
-0.172777
-0.157302
-0.239261
-0.197233
-0.398773
-0.423518
-0.357362
-0.242699
-0.271985
-0.189772
-0.050027
-0.00882301
0.13947
0.136902
-0.013952
-0.0488462
-0.0125423
0.149987
0.0129602
0.122518
0.0797673
0.167419
-0.0201997
-0.156644
-0.182661
-0.162168
-0.159608
-0.188509
-0.218376
-0.276883
-0.26445
-0.257881
-0.183278
-0.239068
-0.241812
-0.249015
-0.309897
-0.333306
-0.29708
-0.286309
-0.291772
-0.283561
-0.247428
-0.214254
-0.32224
-0.287488
-0.3344
-0.291936
-0.255639
-0.221971
-0.237252
-0.330749
-0.279248
-0.350372
-0.326723
-0.187356
-0.165196
-0.18031
-0.237477
-0.229351
-0.26603
-0.210824
0.0032961
-0.0432197
-0.209124
-0.18029
-0.197804
-0.215281
-0.268965
-0.307558
-0.263217
-0.248973
-0.305263
-0.316157
-0.253284
-0.316294
-0.33462
-0.240169
0.00671261
0.0590487
0.0636565
-0.0443964
-0.0611419
0.109463
0.105893
-0.0620116
0.0220448
0.0977581
-5.49189e-05
0.0510792
0.225361
0.144198
0.195821
0.303874
0.438086
0.294591
0.25278
0.090028
0.107594
0.0773947
-0.0295797
-0.0670713
-0.0343845
-0.0979236
-0.173005
-0.148836
-0.192557
-0.195423
-0.182496
-0.207635
-0.171317
-0.121915
-0.0775861
-0.00114329
-0.00746607
-0.0192464
-0.0407039
0.0743061
0.0330406
-0.105859
-0.161754
-0.126041
-0.207049
-0.268111
-0.292006
-0.30635
-0.2677
-0.206549
-0.109167
-0.0117319
-0.0627697
-0.0918207
-0.157632
-0.0334109
-0.0756498
0.0144259
0.0676016
0.065209
-0.0301722
-0.0512347
0.0464667
0.146271
0.134424
0.0899208
0.0352846
0.0034694
-0.0183636
0.206464
0.2009
0.275343
0.336659
0.308334
0.314889
0.23952
0.338672
0.310707
0.209828
0.343401
0.290187
0.238521
0.188267
0.0480763
0.0964453
0.124417
0.22491
0.141595
0.0122663
-0.0666097
-0.122678
-0.281905
-0.254015
-0.228445
-0.323936
-0.151488
0.05559
0.0873711
0.0493327
0.107512
0.0423249
0.141178
-0.0283759
0.00226495
-0.147826
-0.143332
-0.0745061
0.0286153
0.22325
0.227487
0.262823
0.325851
0.504983
0.548864
0.84733
0.912802
1.26001
0.985159
1.19502
0.869297
0.773783
0.575957
0.586559
0.649076
0.912126
0.931851
0.883369
0.617411
0.482349
0.573706
0.487225
0.220295
0.174908
0.136295
0.292898
0.495269
0.554832
0.310116
0.425576
0.601325
0.509592
0.407615
0.290152
0.116246
0.0639421
0.156597
0.250704
0.550048
0.743283
0.662227
0.450919
0.359347
0.502884
0.446208
0.645556
0.805295
0.616862
0.45593
0.277511
0.404014
0.0982596
0.0875423
-0.00946606
0.0576997
-0.049377
0.196258
0.0215271
0.137344
0.121652
-0.0465451
-0.098562
0.131542
0.152134
-0.181694
-0.0709032
0.252879
0.487083
0.341595
0.163893
0.203798
0.143623
0.172988
0.50398
0.411222
0.231905
0.29232
0.246772
0.382172
0.473976
0.462909
0.569285
0.572147
0.682163
0.673264
0.420083
0.486198
0.131676
0.118821
0.126959
0.00633259
-0.00120264
0.0330256
0.27295
0.129473
0.260434
0.32494
0.380943
0.315552
0.280496
0.410857
0.134323
0.108179
0.0236142
-0.0748222
-0.0465138
0.104183
-0.00564538
0.0718863
-0.0925501
-0.104988
-0.130624
-0.0976768
-0.110411
-0.204211
-0.202036
-0.213173
-0.143044
-0.154201
-0.264315
-0.315977
-0.343587
-0.291295
-0.244518
-0.324036
-0.244431
-0.224238
-0.176316
-0.15001
-0.242844
-0.209743
-0.357952
-0.325325
-0.336343
-0.352012
-0.330037
-0.208034
-0.283608
-0.247769
-0.160046
-0.276168
-0.292834
-0.283844
-0.227173
-0.267816
-0.277735
-0.281236
-0.297346
-0.230022
-0.275488
-0.221122
-0.12853
0.03699
-0.0268612
-0.131696
-0.172222
-0.10993
-0.299463
-0.263197
-0.31726
-0.311605
-0.340053
-0.286762
-0.242523
-0.142493
-0.134803
-0.282975
-0.227961
-0.159254
-0.132047
-0.166269
-0.238662
-0.162672
-0.0512941
-0.0345413
0.105501
0.253483
0.174061
0.0568293
0.159033
0.166046
0.0152715
0.0463289
0.0984918
0.0776125
0.145322
0.112552
-0.0239055
-0.100072
-0.114044
-0.0666453
-0.134253
-0.084417
0.0336966
0.183933
0.158125
0.179926
0.211642
0.169546
0.192239
0.26979
0.289643
0.309333
0.409314
0.45623
0.279878
0.234157
0.200745
0.161677
0.189779
0.0883046
0.21474
0.275928
0.46567
0.428026
0.368642
0.14975
0.133736
0.067079
0.193126
0.0728384
0.138557
0.0351292
-0.0722872
-0.0716035
-0.175444
-0.0549161
0.186317
0.127044
0.266091
0.20569
0.104005
0.181923
-0.0601165
-0.0838159
-0.151331
-0.0796829
0.0221063
0.0374827
0.11322
0.0981444
0.159087
-0.0114315
0.0114372
-0.0551373
-0.131142
-0.137125
-0.0183592
0.0894946
0.159486
0.164395
0.0421587
-0.149437
-0.135931
-0.0541988
-0.0415641
0.0778828
-0.126943
-0.140292
-0.194774
-0.200329
-0.203509
-0.215368
-0.200633
-0.194041
-0.186592
-0.261104
-0.26191
-0.246576
-0.199962
-0.179764
-0.075322
-0.138343
-0.135231
-0.123888
-0.119273
-0.0382848
-0.0965772
-0.085746
-0.0142019
-0.220819
-0.248156
-0.166382
-0.190175
-0.168828
-0.326533
-0.362108
-0.298331
-0.273812
-0.263718
-0.250927
-0.234172
-0.183708
-0.0573766
0.00958727
-0.0929169
-0.0445766
-0.0765984
-0.0900371
-0.123758
-0.201846
-0.191543
-0.126234
-0.00873583
0.0473297
0.0322517
0.0599221
-0.0199924
-0.123128
-0.170848
-0.0825706
0.0931851
0.098305
0.213162
0.212671
0.159689
0.145652
0.139708
0.0344508
0.113272
0.0851716
0.0693944
0.28878
0.360066
0.313813
0.274668
0.29445
0.376472
0.353477
0.316501
0.115257
0.0971869
0.0907088
-0.055362
-0.031734
0.0268022
-0.0578805
-0.107995
-0.102609
-0.0491729
-0.0396128
-0.0581266
-0.0964186
-0.127827
-0.121004
-0.188985
-0.179136
-0.0965837
-0.0320859
-0.133652
-0.237147
-0.13585
-0.174787
-0.0622359
-0.0315598
0.00867405
0.0275536
0.150918
0.0637366
-0.193823
-0.157516
-0.197448
-0.152923
-0.117199
-0.131677
-0.213118
-0.203334
-0.185408
-0.186396
-0.170283
-0.235424
-0.247418
-0.299818
-0.303838
-0.285148
-0.337078
-0.298032
-0.325039
-0.254603
-0.190885
-0.265225
-0.100464
-0.205867
-0.20482
-0.17266
-0.229268
-0.21881
-0.23217
-0.232858
-0.233694
-0.199655
-0.23894
-0.0795079
-0.00740826
-0.0519072
0.145942
0.0840365
-0.0503656
-0.0300699
-0.0659206
-0.108428
-0.206617
-0.210256
-0.218255
-0.256696
-0.286082
-0.242873
-0.241165
-0.289423
-0.248408
-0.170998
-0.129973
-0.18546
-0.0747702
-0.155254
-0.0925262
-0.176321
-0.172016
-0.198341
-0.142855
-0.171938
-0.0496336
-0.0921627
-0.0381416
-0.110177
-0.115755
-0.240948
-0.266393
-0.113033
0.157146
0.0300958
0.167342
0.210589
0.109922
0.0648611
-0.0491725
-0.0587114
-0.103665
-0.0752841
-0.149209
-0.155101
-0.0360513
-0.11741
-0.221955
-0.237397
-0.281651
-0.322095
-0.268474
-0.293172
-0.26386
-0.361043
-0.402502
-0.294338
-0.393816
-0.369214
-0.349222
-0.236796
-0.190218
-0.166044
-0.217887
-0.133536
-0.131072
0.0299652
-0.0308402
0.0379056
0.17197
0.0898562
-0.043314
-0.0334566
0.0758871
0.16511
0.0139935
0.0752455
-0.00309251
-0.0541218
0.152704
0.361933
0.311299
0.392425
0.28747
0.178111
0.106463
0.13325
0.0603724
0.0580714
0.0605332
-0.0504952
-0.103672
-0.177933
-0.137085
-0.284399
-0.270735
-0.298243
-0.232262
-0.243963
-0.298499
-0.301124
-0.308697
-0.264518
-0.208132
-0.226671
-0.226118
-0.184444
-0.176329
-0.150537
-0.273059
-0.282599
-0.244629
-0.167159
-0.125173
-0.160284
-0.127891
-0.113785
-0.139764
-0.0496329
0.0916143
0.111849
0.158565
0.0962754
0.145728
0.0461594
0.0024361
0.0695266
0.212942
0.153883
0.120196
0.135358
0.0850384
-0.00553655
-0.0232398
-0.0181942
-0.111214
-0.187719
-0.213102
-0.170746
-0.183917
-0.234533
-0.241404
-0.364696
-0.308409
-0.200629
-0.141502
-0.112008
-0.0772433
-0.116597
-0.0614848
-0.000525754
-0.0844083
-0.0592851
0.0403189
-0.0318072
0.0676936
0.166853
0.188485
-0.0183037
-0.0870696
-0.11901
-0.00488437
-0.140617
-0.200537
-0.270282
-0.247152
-0.295776
-0.220053
-0.239708
-0.279403
-0.275254
-0.316448
-0.239014
-0.195422
-0.213546
-0.241409
-0.18663
-0.201166
-0.0215982
-0.163118
-0.158032
-0.119079
-0.196366
-0.240765
-0.28045
-0.223296
-0.188987
-0.135623
-0.212137
-0.258231
-0.232115
-0.222862
-0.240043
-0.219614
-0.175507
-0.118703
-0.114905
-0.0493237
-0.170752
-0.191266
-0.121478
0.00129499
0.0266833
0.0235133
-0.0460113
0.0228526
-0.154255
-0.130957
-0.184456
-0.238245
-0.25054
-0.299979
-0.287094
-0.261526
-0.278068
-0.148634
-0.139052
-0.100099
-0.166682
-0.161241
-0.159395
-0.148833
0.0134655
-0.100107
-0.158777
-0.135946
-0.0860527
-0.116022
-0.105143
0.0466141
0.242429
0.260005
0.189972
0.260458
0.147341
0.234968
0.409087
0.311156
0.305368
0.183878
0.0521594
0.0418339
-0.079589
-0.0789934
-0.127005
-0.185483
-0.177773
-0.0884764
-0.150817
-0.128274
-0.185454
-0.175197
-0.161985
-0.216482
-0.225036
-0.0943021
-0.242413
-0.239016
-0.252684
-0.244138
-0.219227
-0.153636
-0.125906
0.000347822
0.0314962
-0.0568651
-0.127678
-0.0610018
-0.121473
-0.0700754
-0.0270292
-0.0735061
-0.00245878
0.0172827
-0.0283767
-0.106301
-0.174253
-0.206534
-0.149889
0.00290762
0.107926
0.0669809
0.023455
0.2303
0.28737
0.194496
0.122584
0.0111849
-0.00955813
-0.0471157
-0.0967056
-0.0721657
-0.0827221
0.00792684
-0.029743
-0.0795627
-0.111286
-0.112316
-0.0939004
-0.0973882
0.000922919
-0.0673963
-0.0590843
-0.0588869
-0.164752
-0.163229
-0.0917224
0.00386749
-0.0371694
-0.0712391
0.0041682
-0.0875623
-0.109976
-0.146196
-0.211142
-0.189882
-0.239506
-0.243938
-0.245475
-0.226295
-0.229948
-0.284155
-0.326389
-0.321098
-0.304013
-0.234089
-0.141767
-0.170049
-0.172027
-0.189708
-0.265094
-0.265976
-0.278678
-0.252172
-0.165848
-0.20919
-0.192655
-0.207056
-0.183609
-0.253299
-0.248744
-0.29162
-0.227384
-0.138205
-0.179727
-0.1301
-0.140535
-0.191737
-0.161513
-0.170197
-0.0209758
-0.130489
-0.104057
-0.151338
-0.171359
-0.165484
-0.109335
-0.111164
-0.0660178
-0.00713921
0.183426
0.192292
0.116586
0.18547
0.162923
0.205395
0.0799638
0.0390785
0.0500052
-0.0257882
-0.0798029
-0.0660814
-0.148514
-0.201413
-0.224319
-0.247204
-0.214314
-0.263084
-0.260139
-0.243321
-0.222134
-0.244835
-0.225726
-0.206797
-0.175945
-0.219114
-0.171778
-0.0939593
-0.131945
-0.130606
-0.0675669
-0.055822
-0.136699
-0.145353
-0.199786
-0.166926
-0.073145
-0.00431202
-0.0439454
0.127206
0.0368081
0.0451992
0.0826709
0.196479
0.184754
0.0629386
0.0917099
0.250174
0.119711
0.299575
0.381927
0.473873
0.418501
0.43033
0.408257
0.285076
0.218289
0.0262114
0.108117
-0.0100295
-0.0930822
-0.0520998
-0.173673
-0.138297
-0.175474
-0.298945
-0.287776
-0.2208
-0.280182
-0.311754
-0.304883
-0.324752
-0.318534
-0.288089
-0.285939
-0.271855
-0.254231
-0.310602
-0.27687
-0.276394
-0.324071
-0.343853
-0.312553
-0.325533
-0.268867
-0.164735
-0.225626
-0.259668
-0.234521
-0.234195
-0.147362
-0.0901336
0.0811591
0.0535018
0.198785
0.238794
0.308871
0.178928
-0.059517
-0.0995134
-0.149167
-0.158687
-0.151259
-0.180541
-0.180957
-0.0974818
0.0087703
0.0483018
0.217824
0.284883
0.183028
0.0125545
0.0928039
0.150434
0.158869
0.205391
0.276084
0.135241
0.1012
0.0697695
-0.0790676
-0.0214341
-0.0218942
0.127283
0.237249
0.151244
0.261856
0.151796
0.00269831
0.0510103
-0.0614398
-0.0311878
0.0247241
-0.0890433
-0.078045
-0.177237
-0.216658
-0.225673
-0.21859
-0.193068
-0.254669
-0.237748
-0.256918
-0.231453
-0.198917
-0.144296
-0.205684
-0.148137
-0.0951268
-0.0706405
0.0774849
0.0590434
0.205512
0.214436
0.0834817
0.14822
0.0073668
0.0500553
-0.0749987
-0.0151796
-0.107552
-0.0794342
0.00944932
0.149383
0.148872
0.124235
0.00538735
0.0867389
0.107185
0.0635514
-0.0133343
0.0065685
-0.0345836
-0.0791133
-0.132689
-0.0774766
-0.0978972
-0.14611
-0.115283
0.0256419
-0.0733214
-0.0613144
-0.114431
-0.137573
-0.156053
-0.103847
-0.135525
-0.0704645
0.0494649
-0.0631533
-0.0717462
0.0479388
0.0766481
0.0467991
-0.0911761
-0.0403542
-0.0157264
-0.00606253
-0.116976
-0.122893
-0.152499
-0.146152
-0.133817
-0.163129
-0.107422
0.0231132
-0.0822538
-0.0605698
0.000261556
-0.0282089
-0.0236288
-0.0442447
0.0379721
0.0494243
0.0970055
0.101017
-0.0239041
-0.0500774
0.0270334
0.0649422
-0.00116006
-0.00915344
-0.116445
-0.0636149
-0.121036
-0.115414
-0.0348114
-0.00796016
0.047601
0.244034
0.206768
0.112223
0.10743
0.121911
0.0849952
0.230574
0.202999
0.0871037
-0.0281158
-0.0746439
-0.0613446
-0.148774
-0.152305
-0.14833
-0.0985785
-0.0738963
0.00134727
0.102655
0.158862
0.0352345
-0.0440806
-0.0498499
-0.0331615
-0.00439025
0.00875991
-0.0173517
0.0603467
0.0861898
-0.0367867
0.0542991
0.0324722
0.0382576
-0.0034758
-0.0692166
-0.0285107
0.10511
0.357459
0.646101
0.882713
0.913446
0.63744
0.406368
0.37435
0.471565
0.677798
0.488253
0.454295
0.569746
0.35171
0.429809
0.345838
0.274534
0.295435
0.166253
0.0660011
0.117683
0.26496
0.212802
0.308471
0.291856
0.294591
0.326554
0.508908
0.480633
0.292113
0.265647
0.153348
-0.033347
0.0124682
-0.0611386
-0.15645
-0.155132
-0.148522
-0.0671422
0.0158705
-0.140513
-0.189106
-0.18502
-0.154191
-0.0333584
-0.182414
-0.295592
-0.253238
-0.188476
-0.311283
-0.28152
-0.184081
-0.307634
-0.323868
-0.269164
-0.242361
-0.201499
-0.0835881
-0.105188
-0.0313158
0.123494
0.228219
0.0743941
0.0950508
-0.0692856
-0.0629072
-0.105728
-0.0889158
-0.102569
-0.099201
-0.106504
-0.0458135
-0.125965
0.0153537
0.180716
-0.00994612
0.0522463
0.112987
0.170597
0.16842
0.325333
0.259239
0.166095
0.0488733
0.218378
0.356937
0.259817
0.171776
0.0364736
0.0463539
0.0709825
-0.0387857
0.045183
0.151778
0.261318
0.235456
0.363594
0.528109
0.55734
0.49929
0.443075
0.610996
0.472361
0.594004
0.536157
0.581516
0.51692
0.336099
0.446735
0.311499
0.374069
0.351089
0.116054
0.154916
0.310633
0.228222
0.231534
0.391207
0.462459
0.417087
0.396843
0.494757
0.322679
0.186868
0.0194693
0.0538019
0.0782679
-0.0440751
0.0918169
0.0552833
-0.0735063
-0.0390378
0.107371
-0.126641
-0.172278
-0.206051
-0.233082
-0.200199
-0.0630172
-0.117219
-0.0764242
-0.244272
-0.215796
-0.180484
-0.229605
-0.28905
-0.321138
-0.320862
-0.282142
-0.186462
-0.171814
-0.153272
-0.245794
-0.284284
-0.22745
-0.291743
-0.209947
-0.0678106
-0.153133
-0.0136877
-0.0486648
-0.0168106
-0.0982035
-0.205209
-0.199436
-0.165242
-0.235665
-0.265618
-0.254863
-0.179588
-0.176593
-0.151167
-0.162292
-0.162151
-0.0521097
0.00703237
-0.0648499
0.0239522
0.0690971
0.0602718
0.00977422
0.0152194
-0.0977168
0.00332955
0.00368659
0.0982713
0.00505068
0.0942289
0.0748559
0.0962255
0.0196276
0.0455721
-0.0860327
-0.159409
-0.152834
-0.197736
-0.16597
-0.180525
-0.203934
-0.157171
-0.207228
-0.215817
-0.243074
-0.193425
-0.067507
0.0118275
0.022282
0.0302622
-0.00805198
0.0272961
-0.0476222
-0.0788556
-0.0333497
0.033755
0.401273
0.516386
0.358142
0.203944
0.0584879
0.0318792
0.101565
0.031247
0.0609939
-0.0953754
-0.122638
-0.198941
-0.180056
-0.233043
-0.205758
-0.228009
-0.203193
-0.23975
-0.179753
-0.218498
-0.175634
-0.178897
-0.159014
-0.164513
-0.176285
-0.150912
-0.0726159
-0.10506
-0.10132
-0.187657
-0.175956
-0.17664
-0.135244
-0.182741
-0.16283
-0.183116
-0.119858
-0.136431
-0.156552
-0.136137
-0.132205
-0.145484
-0.0860879
-0.0774015
-0.0536657
-0.109001
-0.0916635
-0.0618649
-0.0613544
-0.108858
-0.140141
-0.135607
-0.0162885
0.234729
0.111001
0.228944
0.217928
0.108937
0.127232
0.109869
0.106846
-0.0075784
-0.073972
-0.00790608
0.0725881
0.00250476
-0.0377481
0.0578096
-0.0241152
-0.00170308
0.0427909
-0.0128752
-0.0292077
0.00623946
-0.0242432
0.0990315
0.0745487
0.0922205
0.0713594
0.0984982
0.0249633
-0.0129045
0.000323017
-0.0110589
-0.0601279
-0.0312948
-0.014017
0.00806522
0.0297454
0.0273385
0.0911447
0.136285
0.159553
0.200195
-0.0119582
-0.0431996
-0.158013
-0.178778
-0.148792
-0.143158
-0.224346
-0.189011
-0.241259
-0.18896
-0.268184
-0.280886
-0.269185
-0.292415
-0.218378
-0.230296
-0.189789
-0.139907
-0.135074
-0.194354
-0.185155
-0.320216
-0.321875
-0.377833
-0.32845
-0.369865
-0.242211
-0.278415
-0.239847
-0.249458
-0.282132
-0.234941
-0.2047
-0.208395
-0.212778
-0.109942
-0.105085
-0.0564229
-0.130707
-0.193536
-0.175573
-0.206125
-0.16062
-0.154135
-0.179981
-0.146144
-0.163809
-0.117426
-0.136279
-0.0910807
-0.128835
-0.094093
-0.146282
-0.23579
-0.212576
-0.174083
-0.100782
-0.0993687
-0.104964
-0.106559
-0.17725
-0.152393
-0.147922
-0.152396
-0.210821
-0.240996
-0.290358
-0.314619
-0.360766
-0.332718
-0.324839
-0.377927
-0.344489
-0.332183
-0.325062
-0.325653
-0.230996
-0.366613
-0.264363
-0.256899
-0.209897
-0.167611
-0.143393
-0.15406
-0.189125
-0.186112
-0.123577
-0.214495
-0.183197
-0.156747
-0.107301
0.0289106
-0.006079
0.000795244
-0.00137226
0.00656297
-0.0752298
-0.085916
-0.124009
-0.101867
-0.0855413
-0.091951
-0.060855
-0.0923187
-0.082932
-0.0895452
-0.0743639
-0.0259457
0.0438652
-0.0534479
-0.0297704
-0.00690614
-0.0946131
-0.0424291
-0.151254
-0.214276
-0.200161
-0.200161
-0.1673
-0.190347
-0.18751
-0.165408
-0.171724
-0.208454
-0.196737
-0.172872
-0.186137
-0.153784
-0.125326
-0.186357
-0.107882
0.0886209
0.0416413
-0.0310984
-0.0869093
-0.108811
-0.128208
-0.1769
-0.168244
-0.155678
-0.138939
-0.219811
-0.246451
-0.224653
-0.179298
-0.194039
-0.191972
-0.167023
-0.157064
-0.202767
-0.179299
-0.152721
-0.136503
-0.212304
-0.128185
-0.123002
-0.11459
-0.124964
-0.118478
-0.01732
-0.0999439
-0.00743744
-0.032796
-0.0546333
-0.0665474
0.0274988
-0.0468941
-0.0642133
-0.0502742
-0.13096
-0.137955
-0.188007
-0.180971
-0.175885
-0.230675
-0.223314
-0.206214
-0.195548
-0.215481
-0.207572
-0.189223
-0.165397
-0.153045
-0.173081
-0.17224
-0.14184
-0.160923
-0.175199
-0.140083
-0.0968803
0.0539234
0.0397036
-0.0671661
-0.0712235
-0.0494519
0.107245
0.107182
0.0978676
-0.0155377
0.01267
0.0258108
-0.00529171
-0.0137374
-0.0303434
-0.0773731
-0.138083
-0.137499
-0.0524349
-0.0929083
-0.091735
-0.0598338
-0.171514
-0.204339
-0.201083
-0.188323
-0.194791
-0.210182
-0.210988
-0.203846
-0.167105
-0.165402
-0.139557
-0.139443
-0.176812
-0.180434
-0.208917
-0.248414
-0.264058
-0.255882
-0.311629
-0.281928
-0.246359
-0.26508
-0.270964
-0.245068
-0.244355
-0.251247
-0.248963
-0.250536
-0.238332
-0.280773
-0.218585
-0.222454
-0.159348
-0.154639
-0.237869
-0.183984
-0.191925
-0.198664
-0.193415
-0.222207
-0.229853
-0.209912
-0.216569
-0.166915
-0.157963
-0.165603
-0.129843
-0.0632932
-0.154945
-0.118766
-0.132489
-0.199978
-0.180292
-0.202724
-0.169012
-0.276474
-0.237441
-0.329085
-0.28706
-0.253248
-0.198916
-0.188884
-0.210894
-0.262321
-0.282007
-0.289149
-0.269762
-0.191404
-0.267319
-0.324661
-0.261547
-0.239479
-0.253578
-0.238462
-0.21572
-0.214013
-0.227255
-0.162024
-0.229134
-0.290357
-0.312876
-0.374329
-0.375951
-0.379766
-0.324698
-0.383664
-0.436331
-0.338378
-0.4377
-0.381001
-0.395421
-0.473074
-0.473349
-0.436814
-0.376849
-0.482582
-0.338003
-0.195628
-0.195367
-0.0999606
0.269936
0.612646
0.422235
0.502308
0.745446
0.593307
0.433492
0.386235
0.258775
0.119465
0.105623
0.150758
0.175303
0.171866
0.0278797
-0.0638277
0.0858957
0.193216
0.303887
0.241205
0.113558
0.0762391
0.0700405
0.05624
-0.124627
-0.0967706
-0.0219817
0.0263605
0.0257471
0.0318997
0.157524
0.123009
0.1934
0.425564
0.588138
0.366176
0.468428
0.455358
0.355191
0.509947
0.377132
0.258054
0.223677
0.402889
0.346923
0.186808
0.219336
0.122916
0.145068
0.0654106
-0.0506712
-0.0578922
0.0111693
0.0894193
0.101219
0.216031
0.181305
0.0685222
0.0561323
0.123745
0.0961986
0.147612
0.169272
0.0315374
-0.0165653
-0.00837177
-0.0926374
-0.18815
-0.216366
-0.201823
-0.110372
-0.153733
-0.138133
-0.0956964
-0.173599
-0.13264
-0.15888
-0.130283
-0.0789188
0.0665114
-0.0675994
0.00836622
-0.0934004
-0.143887
-0.137454
-0.223731
-0.210566
-0.235854
-0.239706
-0.241324
-0.190529
-0.209495
-0.189029
-0.155673
-0.107977
-0.118455
-0.0489712
-0.0391617
0.0963882
0.068803
0.137879
0.0671448
0.0417514
0.0126265
0.0480598
-0.0316343
-0.105695
-0.198375
-0.215691
-0.105842
-0.20452
-0.204962
-0.181665
-0.219201
-0.234236
-0.176922
-0.156624
-0.167253
-0.204518
-0.293548
-0.239238
-0.141105
-0.0769663
-0.127325
-0.104523
-0.160491
-0.19706
-0.23035
-0.256436
-0.240035
-0.20367
-0.113551
-0.0651082
-0.125179
-0.0329369
-0.120572
-0.155784
-0.17441
-0.194252
-0.180056
-0.151275
-0.202274
-0.287331
-0.268672
-0.312935
-0.250323
-0.23916
-0.207984
-0.168155
-0.129751
-0.106069
-0.120956
-0.154953
-0.149189
-0.210446
-0.195988
-0.121123
-0.178552
-0.171044
-0.25394
-0.228624
-0.182585
-0.165823
-0.12662
-0.153451
-0.148033
-0.18386
-0.171531
-0.160911
-0.0663719
-0.0111894
-0.0167372
0.113103
0.424915
0.563456
0.412669
0.446416
0.238572
0.232213
0.336303
0.310133
0.321043
0.40403
0.623535
0.461557
0.554335
0.556695
0.405629
0.291639
0.172998
0.213175
0.143192
0.133744
-0.0857871
-0.0476041
0.0997762
0.265808
0.255743
0.298013
0.181532
0.172489
0.337473
0.455574
0.390869
0.423471
0.254826
0.258164
0.0334327
0.0499351
0.0075249
0.0422741
0.363468
0.380471
0.530511
0.468687
0.421861
0.338296
0.336884
0.483152
0.586338
0.55338
0.625709
0.703004
0.808235
0.981081
0.616029
0.503312
0.474187
0.361359
0.379764
0.606318
0.322643
0.23305
0.126019
0.0731423
0.0285005
0.0217989
0.0972896
-0.0265601
-0.0482426
-0.0921735
-0.18476
-0.0167471
-0.0459942
-0.0425425
-0.120461
-0.0314441
0.0156206
-0.133699
-0.22969
-0.212767
-0.278655
-0.31072
-0.253446
-0.125913
-0.13702
-0.109452
-0.24367
-0.268554
-0.203288
-0.31472
-0.312265
-0.315223
-0.244995
-0.304702
-0.30701
-0.284827
-0.264348
-0.219065
-0.278123
-0.221847
-0.187435
-0.101624
-0.0139048
0.0258728
-0.120702
-0.153487
-0.220824
-0.202644
-0.248674
-0.280292
-0.26646
-0.190386
-0.214305
0.0146263
0.0214784
-0.0584154
-0.00692154
-0.0509327
-0.094358
-0.219635
-0.215331
-0.224434
-0.237501
-0.283216
-0.271248
-0.193701
-0.22293
-0.200679
-0.269614
-0.248655
-0.240235
-0.200939
-0.215337
-0.19706
-0.288425
-0.250032
-0.225517
-0.268678
-0.278936
-0.259128
-0.155314
-0.110527
-0.207056
-0.10588
0.0704994
0.0709685
0.084539
0.103969
0.332129
0.229605
0.161739
0.0629659
0.119626
0.175072
0.0714864
0.106302
0.206311
0.169148
0.23518
0.264005
0.233245
0.324183
0.348364
0.145692
0.0525936
-0.0067119
-0.11041
-0.160426
-0.152641
-0.12518
-0.170252
-0.15313
-0.131615
-0.24423
-0.233186
-0.331575
-0.291101
-0.236162
-0.107993
-0.0941245
-0.124338
-0.161111
-0.255066
-0.257053
-0.338392
-0.299465
-0.2135
-0.213461
-0.261481
-0.270687
-0.308279
-0.29131
-0.225119
-0.132719
-0.162951
-0.0961797
-0.113822
-0.18391
-0.228413
-0.153346
-0.221489
-0.191471
-0.13145
0.000240573
0.0825622
0.233375
0.481254
0.327996
0.319896
0.131392
0.195143
0.301813
0.237377
0.47559
0.424333
0.280889
0.15543
0.216675
0.117769
0.187491
0.410936
0.286483
0.29261
0.218552
0.0826841
0.0810817
0.142094
0.0408143
-0.0988502
-0.104818
-0.107757
-0.0973426
-0.172627
-0.201706
-0.182019
-0.136782
-0.159503
-0.160945
-0.148348
-0.097199
-0.0847358
0.00208252
-0.0654889
-0.0408339
0.0118573
-0.0212026
0.131229
0.280484
0.200734
0.0597889
0.11863
0.258141
0.152068
0.0840258
-0.0275318
-0.00202917
-0.108734
-0.089784
-0.119571
-0.060443
-0.131979
-0.0908007
-0.124857
-0.139545
-0.175629
-0.233549
-0.219699
-0.242992
-0.179986
-0.274349
-0.308877
-0.282137
-0.271179
-0.297005
-0.308538
-0.267831
-0.279094
-0.26689
-0.259696
-0.32996
-0.320167
-0.296487
-0.237242
-0.206665
-0.211143
-0.289038
-0.298107
-0.331065
-0.253183
-0.133057
-0.0541124
-0.123408
-0.127093
-0.222354
-0.178074
-0.159631
-0.172182
-0.262363
-0.244689
-0.31305
-0.293827
-0.275609
-0.300661
-0.337993
-0.340409
-0.313618
-0.362424
-0.328639
-0.243392
-0.240505
-0.320521
-0.209727
-0.242827
-0.192867
-0.236152
-0.298599
-0.23769
-0.306076
-0.269707
-0.267024
-0.350243
-0.366329
-0.322544
-0.305342
-0.281439
-0.118202
0.0663365
-0.0482809
-0.0431779
-0.0308205
0.155844
0.0947417
-0.0436035
-0.162273
-0.189263
-0.113001
-0.193866
-0.197504
-0.260185
-0.234511
-0.240245
-0.194345
-0.235571
-0.156315
0.0972529
0.445242
0.638971
0.692258
0.935307
0.928971
0.642305
0.846667
0.589182
0.787664
1.00577
1.40972
1.11635
1.41434
1.7942
1.49759
1.89574
1.58312
1.66848
1.54752
1.61608
1.68948
1.20597
1.14251
0.793569
0.973332
0.711279
0.856863
1.09775
0.884515
1.0355
0.573097
0.595589
0.323714
0.172934
0.334303
0.11456
0.325335
0.316047
0.0996646
0.343728
0.599742
0.390047
0.368415
0.244395
0.0953325
0.206607
-0.036828
0.149534
0.390952
0.33804
0.23328
0.283322
0.183873
0.00885338
0.0645144
0.282937
0.419788
0.283269
0.299249
0.0276513
0.159959
-0.00883051
0.0580312
0.0476342
-0.0473236
-0.207238
-0.170218
-0.211532
-0.22947
-0.268894
-0.41404
-0.201423
-0.433397
-0.541894
-0.38399
0.0392665
0.624406
0.490442
0.397553
0.210008
0.226224
0.204807
0.23534
0.156727
0.177244
0.396715
0.322698
0.503554
0.360308
0.226373
0.14555
0.113218
-0.0289994
0.085403
0.00327561
0.0697844
-0.0277101
0.0805378
-0.0436015
-0.140464
-0.0981693
-0.113951
-0.200484
-0.205422
-0.225386
-0.0674188
0.00681171
-0.0659404
0.0184191
-0.108782
-0.0564416
-0.13182
-0.198602
-0.22692
-0.274774
-0.343817
-0.332841
-0.334078
-0.173775
-0.318821
-0.281453
-0.262891
-0.285636
-0.291878
-0.22365
-0.245609
-0.250164
-0.349441
-0.344058
-0.44666
-0.435855
-0.492482
-0.38544
-0.417331
-0.295927
0.145727
0.249824
0.473302
0.304838
0.419963
0.386776
0.245383
0.177587
0.200483
0.271886
0.352123
0.412998
0.338919
0.498461
0.448346
0.307358
0.139172
0.176965
0.0926492
0.0320633
0.157815
0.00828282
0.178115
0.0118603
-0.0709981
-0.10921
-0.270114
-0.167994
-0.0918251
-0.0796955
-0.0373903
0.120527
0.0657457
0.0750711
0.0103604
0.0219853
0.199743
0.309505
0.572428
0.450864
0.494944
0.387832
0.260764
0.0966716
-0.103298
-0.0688836
-0.202332
-0.157655
-0.210786
-0.0542778
-0.166848
-0.29232
-0.177044
-0.0304655
-0.0710241
0.00456225
-0.0256264
-0.193976
-0.16479
-0.183819
-0.103903
-0.218873
-0.235426
-0.203678
-0.29035
-0.247496
-0.250247
-0.131052
-0.12539
-0.104667
-0.0302797
-0.171476
-0.175801
-0.228861
-0.169838
-0.122009
-0.102442
-0.105109
-0.131526
-0.221558
-0.188539
-0.190999
-0.199777
-0.0345297
-0.103764
-0.126408
-0.272207
-0.311813
-0.213499
-0.204522
-0.22417
-0.16355
-0.0716193
-0.120357
-0.267794
-0.261557
-0.202186
-0.239791
-0.0999345
0.166876
0.112651
0.302625
0.155832
0.00704611
0.0125346
-0.104514
-0.134461
-0.208304
-0.194252
-0.183634
-0.189518
-0.240842
-0.217671
-0.207786
-0.151918
-0.117917
-0.0339256
-0.0333596
-0.0471529
0.198695
0.270005
0.0451088
0.1299
0.246193
0.350438
0.169709
0.216448
0.0723179
0.0177755
-0.0923734
-0.0988039
-0.165817
-0.14289
-0.134474
0.0322332
0.0486272
-0.0304084
0.0507289
0.0915689
0.0618832
-0.10628
-0.0965864
-0.0645089
-0.0871725
-0.156635
-0.31405
-0.289557
-0.28195
-0.305819
-0.381129
-0.35937
-0.371076
-0.279388
-0.389832
-0.398988
-0.296056
-0.174633
-0.251009
-0.112474
-0.225624
-0.241478
-0.230278
-0.209507
-0.262231
-0.173007
-0.18367
-0.108846
-0.102944
-0.178381
-0.22877
-0.0935855
0.0562839
0.258236
0.15357
-0.00281932
0.0253634
0.0996291
0.122973
0.00613319
0.0200092
-0.0909276
-0.0675336
-0.0906081
-0.0974878
-0.118259
-0.107191
-0.121779
-0.0696771
-0.165513
-0.150341
-0.150898
-0.125437
-0.177062
-0.190194
-0.20793
-0.173486
-0.103732
-0.0648033
0.0964703
-0.0494146
-0.110907
-0.0896326
-0.15123
-0.188186
-0.20613
-0.202853
-0.196817
-0.24104
-0.316702
-0.273508
-0.281276
-0.14585
-0.252403
-0.278372
-0.22085
-0.22504
-0.165922
-0.0412631
0.127632
-0.0139306
-0.0997005
-0.104731
-0.214692
-0.229643
-0.167131
-0.154748
-0.189509
-0.128547
-0.0893164
-0.171487
-0.10705
-0.173231
-0.184684
-0.170319
-0.178565
-0.198165
-0.223039
-0.234535
-0.242364
-0.132196
-0.0140051
-0.0295059
-0.107617
-0.199941
-0.210417
-0.220926
-0.130389
-0.221991
-0.264521
-0.237225
-0.230418
-0.257684
-0.242134
-0.190862
-0.169312
-0.104291
-0.0171933
-0.0443828
0.0109392
-0.0799238
-0.0511993
0.0784506
0.222552
0.213424
0.123844
-0.00575528
-0.0270301
0.0590356
0.241327
0.215753
0.307397
0.191153
0.29144
0.1764
0.126623
0.0246276
0.040967
0.102852
0.109119
0.096406
-0.0661595
-0.147228
-0.164178
-0.24042
-0.274549
-0.291168
-0.25627
-0.309442
-0.300089
-0.210651
-0.310357
-0.316319
-0.31615
-0.333936
-0.385126
-0.418116
-0.440318
-0.424394
-0.337136
-0.217161
-0.198406
-0.277763
-0.264327
-0.297691
-0.248919
-0.276255
-0.238069
-0.198334
-0.205448
-0.130129
0.130195
0.0479294
0.235694
0.32148
0.170147
0.240627
0.159933
-0.0492616
-0.0712438
0.0118866
-0.0755865
0.0237984
0.112364
-0.0371178
0.062731
0.166776
0.270047
0.102029
-0.000986953
-0.0360112
-0.18902
-0.170394
-0.176939
-0.13764
-0.0965779
-0.158112
-0.0787096
0.124015
0.11717
0.13902
0.138764
0.0388539
0.0265717
0.153788
0.167619
0.315434
0.377366
0.449428
0.556924
0.481958
0.528182
0.496781
0.527944
0.329897
0.149946
0.0837288
0.0739856
0.296931
0.225289
0.235568
0.164859
0.0601737
0.264905
0.407999
0.414916
0.246839
0.257595
0.420814
0.437704
0.49973
0.597072
0.4693
0.255836
0.279008
0.408003
0.225277
0.250084
0.369136
0.580062
0.618425
0.377014
0.387112
