  0.66965 -0.280672   1.12232  -0.69306
  0.66965 -0.280672   1.12232  -0.69306
 0.685552 -0.279856   1.10029 -0.692547
 0.677064 -0.281661   1.11269 -0.694433
 0.677064 -0.281661   1.11269 -0.694433
 0.678888 -0.283413   1.10109 -0.691233
 0.678888 -0.283413   1.10109 -0.691233
 0.679016 -0.271481   1.11484 -0.687595
 0.685811 -0.270214   1.13404 -0.710938
 0.686622 -0.273132   1.12702  -0.71154
 0.687161 -0.284073   1.09105 -0.702327
 0.687161 -0.284073   1.09105 -0.702327
 0.681734 -0.307582   1.08913 -0.720607
 0.699997 -0.287239    1.0889 -0.714531
 0.697352 -0.287878   1.08803 -0.710002
 0.725565 -0.187713   1.19732 -0.680235
 0.716515 -0.208823   1.18392 -0.688233
 0.654242 -0.396806   1.00337   -0.7508
 0.659639 -0.376146   1.01483 -0.741458
 0.659639 -0.376146   1.01483 -0.741458
 0.659639 -0.376146   1.01483 -0.741458
 0.649783 -0.402196   1.00182 -0.752619
 0.662087 -0.395243   1.00043 -0.753438
 0.662087 -0.395243   1.00043 -0.753438
 0.662087 -0.395243   1.00043 -0.753438
 0.645952 -0.400811   1.00685 -0.750656
 0.645952 -0.400811   1.00685 -0.750656
 0.684425 -0.300824   1.05598  -0.68655
 0.684425 -0.300824   1.05598  -0.68655
 0.675988 -0.309652   1.05498 -0.688805
 0.675988 -0.309652   1.05498 -0.688805
 0.675988 -0.309652   1.05498 -0.688805
 0.675988 -0.309652   1.05498 -0.688805
 0.675988 -0.309652   1.05498 -0.688805
 0.676866 -0.307334   1.05722 -0.688426
 0.674597 -0.307066   1.05515 -0.684648
 0.682849   -0.3031   1.06296 -0.690652
 0.656155 -0.310025   1.06051 -0.682728
 0.651461 -0.314816   1.05634 -0.681968
 0.646501 -0.328342   1.05515 -0.690625
 0.646056 -0.324666   1.06004 -0.687872
 0.646056 -0.324666   1.06004 -0.687872
 0.646056 -0.324666   1.06004 -0.687872
 0.643994 -0.326419   1.06094 -0.689187
  0.65011 -0.318691   1.06912 -0.690385
  0.63729 -0.323838   1.07375 -0.690164
 0.645605 -0.334032   1.05815 -0.696358
 0.633081 -0.347463   1.04904 -0.697025
 0.633081 -0.347463   1.04904 -0.697025
 0.636318 -0.348115   1.05514 -0.702589
  0.63244 -0.352002   1.05162 -0.701963
  0.63244 -0.352002   1.05162 -0.701963
 0.629612 -0.353301   1.05324  -0.70114
 0.683477  -0.32513   1.05211 -0.712158
 0.687198 -0.325391   1.04221 -0.711314
 0.687198 -0.325391   1.04221 -0.711314
 0.689103  -0.32214   1.03017 -0.702076
 0.686347 -0.321625    1.0339 -0.703219
 0.686347 -0.321625    1.0339 -0.703219
 0.658436 -0.349395   1.02532 -0.713079
 0.658436 -0.349395   1.02532 -0.713079
 0.670862 -0.330105   1.04188 -0.711745
 0.664629 -0.334282   1.04385 -0.712391
 0.667368 -0.333926   1.05002 -0.717567
 0.667368 -0.333926   1.05002 -0.717567
 0.667368 -0.333926   1.05002 -0.717567
 0.683531 -0.320148   1.04703 -0.713552
 0.675307 -0.333221   1.03861  -0.71469
 0.675307 -0.333221   1.03861  -0.71469
 0.672097 -0.331946   1.04437 -0.714885
 0.672097 -0.331946   1.04437 -0.714885
 0.679008 -0.325306   1.04961 -0.715028
 0.679008 -0.325306   1.04961 -0.715028
 0.666853 -0.336889   1.04228 -0.715527
  0.66958  -0.33348   1.04172 -0.713805
  0.66958  -0.33348   1.04172 -0.713805
 0.673084 -0.331133   1.04029 -0.712857
 0.673084 -0.331133   1.04029 -0.712857
 0.666246 -0.340009    1.0382 -0.715268
 0.665469   -0.3408    1.0378 -0.714169
 0.665469   -0.3408    1.0378 -0.714169
 0.665469   -0.3408    1.0378 -0.714169
 0.665469   -0.3408    1.0378 -0.714169
 0.664534 -0.337683   1.03981 -0.711908
 0.664534 -0.337683   1.03981 -0.711908
 0.664534 -0.337683   1.03981 -0.711908
 0.669524 -0.340676   1.03686 -0.717306
 0.669524 -0.340676   1.03686 -0.717306
 0.660482 -0.336993   1.03764  -0.70856
 0.660482 -0.336993   1.03764  -0.70856
 0.662196 -0.341384   1.03435 -0.712288
 0.662196 -0.341384   1.03435 -0.712288
 0.662196 -0.341384   1.03435 -0.712288
 0.662196 -0.341384   1.03435 -0.712288
 0.652363 -0.350057   1.02863 -0.711007
 0.654888 -0.348775   1.03658 -0.715339
 0.654888 -0.348775   1.03658 -0.715339
 0.654888 -0.348775   1.03658 -0.715339
  0.65525 -0.350362   1.02419 -0.712245
 0.694586 -0.290733   1.07512 -0.706473
 0.694586 -0.290733   1.07512 -0.706473
 0.694586 -0.290733   1.07512 -0.706473
 0.694586 -0.290733   1.07512 -0.706473
 0.688124 -0.294821     1.081 -0.708031
 0.681478 -0.301651   1.07627 -0.708259
 0.676378 -0.344138   1.03185 -0.719354
 0.673308 -0.344345   1.03848 -0.720431
 0.673308 -0.344345   1.03848 -0.720431
 0.677067 -0.342252   1.04848 -0.729373
 0.677067 -0.342252   1.04848 -0.729373
 0.689544 -0.325605   1.05961 -0.727805
 0.689204 -0.326672   1.05788 -0.728088
 0.689204 -0.326672   1.05788 -0.728088
 0.689204 -0.326672   1.05788 -0.728088
 0.687392 -0.325676   1.06866 -0.730289
 0.687392 -0.325676   1.06866 -0.730289
 0.653808 -0.352547    1.0493 -0.725609
 0.652607 -0.356346   1.04498 -0.726399
  0.67462 -0.341425   1.05473  -0.72906
 0.674692 -0.334913   1.04053 -0.717049
 0.674692 -0.334913   1.04053 -0.717049
 0.646043 -0.356865   1.03393 -0.716446
 0.654534 -0.348765    1.0354 -0.715637
 0.654534 -0.348765    1.0354 -0.715637
 0.651423 -0.330861   1.07584 -0.721631
 0.651423 -0.330861   1.07584 -0.721631
 0.657604 -0.318762   1.08542  -0.71859
 0.657604 -0.318762   1.08542  -0.71859
 0.657604 -0.318762   1.08542  -0.71859
 0.657388 -0.324021   1.07865 -0.719548
 0.665054 -0.313618   1.08392 -0.718896
 0.665054 -0.313618   1.08392 -0.718896
 0.681282 -0.303684   1.08819 -0.720618
 0.684875 -0.302723    1.0828 -0.718322
 0.67953 -0.30604  1.09214 -0.72263
 0.657648 -0.313662   1.09773 -0.719959
 0.666108 -0.304079   1.09744 -0.716683
 0.666108 -0.304079   1.09744 -0.716683
  0.62479 -0.359384   1.07338 -0.728854
 0.623854  -0.36706    1.0635 -0.730663
 0.623657 -0.371414   1.06421 -0.734399
 0.650353 -0.337149   1.08752 -0.730568
 0.650353 -0.337149   1.08752 -0.730568
 0.646088 -0.339491   1.07886 -0.726242
 0.646088 -0.339491   1.07886 -0.726242
 0.646088 -0.339491   1.07886 -0.726242
 0.646088 -0.339491   1.07886 -0.726242
 0.632667 -0.366875   1.05489 -0.732025
 0.632667 -0.366875   1.05489 -0.732025
 0.632301 -0.349902   1.07168 -0.722675
 0.632301 -0.349902   1.07168 -0.722675
 0.654539 -0.328106   1.07015 -0.716823
 0.633018 -0.351428   1.07526 -0.727278
 0.633018 -0.351428   1.07526 -0.727278
 0.651665 -0.334275   1.07706 -0.724219
 0.651665 -0.334275   1.07706 -0.724219
 0.766921 -0.219279   1.11427 -0.710993
 0.764533 -0.226084   1.11011 -0.714476
 0.760501 -0.218407   1.11422 -0.709851
 0.760501 -0.218407   1.11422 -0.709851
 0.785984 -0.202039   1.10728 -0.707053
 0.785984 -0.202039   1.10728 -0.707053
 0.788097 -0.198592   1.11065 -0.707619
 0.773205  -0.21935   1.10716 -0.715895
 0.775709 -0.215498   1.10493 -0.712842
 0.780841 -0.203751    1.1112 -0.707225
 0.778543 -0.205694   1.11311 -0.707268
 0.796977 -0.185882   1.10857 -0.703998
 0.796977 -0.185882   1.10857 -0.703998
 0.796977 -0.185882   1.10857 -0.703998
 0.779197 -0.208582   1.11035 -0.712678
 0.779197 -0.208582   1.11035 -0.712678
 0.780502 -0.202375   1.11339 -0.709044
 0.774547 -0.218085   1.09814 -0.711152
 0.767826 -0.220425   1.10277 -0.710175
 0.767826 -0.220425   1.10277 -0.710175
 0.747452  -0.20499   1.14652 -0.698688
 0.747452  -0.20499   1.14652 -0.698688
 0.754527 -0.201135   1.15255  -0.70321
 0.749165 -0.212801   1.14237 -0.703455
 0.760781 -0.196552   1.14457 -0.698496
 0.751956 -0.206907   1.13481 -0.695846
 0.761452  -0.18343   1.16394 -0.694937
 0.767443 -0.179582   1.16554 -0.697088
 0.767443 -0.179582   1.16554 -0.697088
 0.767443 -0.179582   1.16554 -0.697088
 0.765811 -0.182594   1.14974 -0.691423
 0.727628 -0.262436    1.1177 -0.725123
 0.727628 -0.262436    1.1177 -0.725123
 0.735447 -0.262288     1.108 -0.724025
 0.723962 -0.271647   1.09502 -0.719011
 0.736264  -0.26445   1.09767 -0.722742
 0.736264  -0.26445   1.09767 -0.722742
 0.736264  -0.26445   1.09767 -0.722742
 0.736264  -0.26445   1.09767 -0.722742
 0.735623 -0.263759   1.09531 -0.720035
 0.732542 -0.259726   1.12448 -0.725995
 0.732542 -0.259726   1.12448 -0.725995
 0.732542 -0.259726   1.12448 -0.725995
 0.734997 -0.254056   1.13325  -0.72773
 0.734997 -0.254056   1.13325  -0.72773
  0.73261 -0.254678   1.13364 -0.726192
 0.738152 -0.258052    1.1014 -0.719184
  0.73295 -0.261239   1.10974 -0.722096
 0.730589 -0.268162    1.0962 -0.720996
 0.730589 -0.268162    1.0962 -0.720996
 0.737759 -0.247423   1.13278 -0.723142
 0.738504 -0.252503   1.12413 -0.724999
 0.738504 -0.252503   1.12413 -0.724999
 0.741579 -0.255057   1.10589 -0.721951
 0.741579 -0.255057   1.10589 -0.721951
 0.741579 -0.255057   1.10589 -0.721951
 0.726486 -0.264851   1.11634 -0.723859
 0.726486 -0.264851   1.11634 -0.723859
 0.747769 -0.248187   1.11169 -0.721199
 0.747769 -0.248187   1.11169 -0.721199
 0.745355 -0.244487   1.12327 -0.722501
 0.745355 -0.244487   1.12327 -0.722501
 0.714277 -0.262324   1.11972 -0.717816
 0.714277 -0.262324   1.11972 -0.717816
 0.716578 -0.254644   1.12574 -0.715807
 0.716578 -0.254644   1.12574 -0.715807
 0.716578 -0.254644   1.12574 -0.715807
 0.716578 -0.254644   1.12574 -0.715807
 0.716578 -0.254644   1.12574 -0.715807
 0.716578 -0.254644   1.12574 -0.715807
 0.706619 -0.263764   1.11394  -0.71135
 0.714573 -0.259525   1.12041 -0.715892
 0.714573 -0.259525   1.12041 -0.715892
 0.709613 -0.266022   1.11386 -0.714888
 0.709613 -0.266022   1.11386 -0.714888
 0.744744 -0.220839   1.11566 -0.698796
 0.728632  -0.24169   1.10557 -0.701043
 0.735238 -0.230724   1.11456 -0.698553
 0.735238 -0.230724   1.11456 -0.698553
 0.741332 -0.227557   1.11046 -0.698995
 0.737555 -0.223749   1.12677 -0.699614
 0.729198 -0.238492   1.11138 -0.701784
 0.733795  -0.23343   1.11232 -0.700198
  0.71911 -0.235599    1.1252  -0.69838
 0.718101 -0.235141   1.11217 -0.690557
 0.718101 -0.235141   1.11217 -0.690557
 0.724368 -0.234727   1.11727 -0.698133
 0.724368 -0.234727   1.11727 -0.698133
 0.724368 -0.234727   1.11727 -0.698133
 0.724064 -0.241205   1.10515 -0.695847
  0.70961   -0.2574   1.11402 -0.703766
  0.70961   -0.2574   1.11402 -0.703766
 0.722005 -0.243939     1.111 -0.698539
 0.722005 -0.243939     1.111 -0.698539
 0.728334 -0.234973   1.11294 -0.696841
 0.728334 -0.234973   1.11294 -0.696841
 0.723522 -0.243721    1.0978 -0.694188
 0.723522 -0.243721    1.0978 -0.694188
 0.716803 -0.251606    1.1002  -0.70176
 0.717005  -0.25517   1.10025 -0.703216
 0.724764 -0.245491   1.10762  -0.70225
 0.724764 -0.245491   1.10762  -0.70225
 0.714011 -0.265235   1.12129 -0.717967
 0.717255  -0.25242   1.13056 -0.712732
 0.719204 -0.250397   1.13302  -0.71362
 0.719204 -0.250397   1.13302  -0.71362
 0.720101 -0.256691   1.12829 -0.718733
 0.703123  -0.26137   1.16694 -0.730401
 0.693723 -0.269578   1.15259 -0.726339
 0.693723 -0.269578   1.15259 -0.726339
 0.693723 -0.269578   1.15259 -0.726339
 0.693723 -0.269578   1.15259 -0.726339
  0.71913 -0.251925   1.14195 -0.719841
 0.713455  -0.25785    1.1417 -0.721544
 0.713455  -0.25785    1.1417 -0.721544
 0.712321 -0.261798   1.13737 -0.722054
 0.712321 -0.261798   1.13737 -0.722054
 0.712321 -0.261798   1.13737 -0.722054
 0.728677 -0.246387   1.13628 -0.719741
 0.713096 -0.256478   1.12663 -0.714538
 0.713096 -0.256478   1.12663 -0.714538
 0.745264 -0.281774    1.1043 -0.739051
 0.752832 -0.275163   1.11021 -0.742248
 0.752832 -0.275163   1.11021 -0.742248
 0.746247 -0.280005   1.12047 -0.744254
 0.753634 -0.283475   1.08302 -0.735732
 0.753634 -0.283475   1.08302 -0.735732
 0.754147 -0.281923   1.10389 -0.744974
 0.754147 -0.281923   1.10389 -0.744974
 0.754147 -0.281923   1.10389 -0.744974
 0.754147 -0.281923   1.10389 -0.744974
 0.750389 -0.286936   1.09084 -0.740848
 0.766957  -0.24556   1.06916 -0.710632
 0.766957  -0.24556   1.06916 -0.710632
 0.760998 -0.248784   1.07296  -0.71131
 0.788916 -0.239536   1.04056 -0.707285
 0.792424 -0.242208   1.03231 -0.709677
 0.788527 -0.239878   1.05116 -0.712561
  0.79778 -0.228361   1.05186 -0.711513
  0.79778 -0.228361   1.05186 -0.711513
  0.79778 -0.228361   1.05186 -0.711513
  0.74793 -0.226736   1.13668 -0.706905
  0.74793 -0.226736   1.13668 -0.706905
 0.748813 -0.233179   1.10595 -0.697631
 0.751121 -0.229195   1.10745 -0.696105
 0.751121 -0.229195   1.10745 -0.696105
 0.749543 -0.221908   1.11643 -0.691297
 0.745054 -0.225165   1.12403  -0.69506
 0.758366 -0.214361   1.11681 -0.691876
 0.758366 -0.214361   1.11681 -0.691876
 0.755605 -0.211559   1.13434  -0.69638
 0.749103 -0.216536   1.12724 -0.691621
 0.749103 -0.216536   1.12724 -0.691621
 0.749103 -0.216536   1.12724 -0.691621
 0.749784 -0.227371   1.10196  -0.68872
  0.70601 -0.253931   1.09567 -0.683318
 0.703844 -0.261906   1.09501 -0.688838
 0.703844 -0.261906   1.09501 -0.688838
 0.698519  -0.25852   1.10473 -0.686581
 0.698519  -0.25852   1.10473 -0.686581
 0.698519  -0.25852   1.10473 -0.686581
 0.698519  -0.25852   1.10473 -0.686581
 0.705478 -0.257289   1.09838 -0.686662
 0.690224 -0.267724   1.11707 -0.696383
 0.710014 -0.255686   1.10358 -0.692887
 0.709837 -0.246278   1.10505 -0.686205
 0.686153 -0.283306    1.0894  -0.69773
 0.686153 -0.283306    1.0894  -0.69773
  0.73304 -0.281285   1.02489 -0.696876
  0.73304 -0.281285   1.02489 -0.696876
 0.720986 -0.291292   1.02505 -0.698304
 0.720986 -0.291292   1.02505 -0.698304
 0.745481  -0.27038   1.03157 -0.697031
 0.735271 -0.275022   1.03755 -0.699028
 0.738129 -0.276558   1.03999 -0.703465
 0.743604 -0.266863   1.04803 -0.701699
 0.743604 -0.266863   1.04803 -0.701699
 0.720631 -0.294363   1.01994 -0.699977
 0.716136 -0.299557   1.01402  -0.69865
 0.716136 -0.299557   1.01402  -0.69865
 0.713078 -0.303778   1.04043 -0.713066
 0.716498 -0.303066   1.03589 -0.711523
 0.729406 -0.291674   1.02865  -0.70731
 0.719825 -0.296712   1.03272 -0.707366
  0.72612  -0.27271   1.03563 -0.682008
  0.72612  -0.27271   1.03563 -0.682008
  0.72612  -0.27271   1.03563 -0.682008
 0.728081 -0.275974   1.02824 -0.682397
 0.727082  -0.27767   1.04337 -0.692185
 0.724192 -0.287443   1.03262  -0.69372
 0.730235 -0.269766   1.02964 -0.678856
 0.736847 -0.269314   1.03804 -0.688107
 0.736847 -0.269314   1.03804 -0.688107
 0.731493 -0.282968   1.02387 -0.688755
 0.712627 -0.298722   1.02225 -0.689008
 0.700673 -0.294393   1.05584 -0.700862
 0.706289 -0.290382   1.05652 -0.701099
 0.706289 -0.290382   1.05652 -0.701099
 0.705441 -0.301711   1.04149 -0.703965
 0.688563  -0.31595   1.03988 -0.705604
 0.688563  -0.31595   1.03988 -0.705604
 0.688563  -0.31595   1.03988 -0.705604
   0.6912 -0.301328   1.05817 -0.703611
 0.710724 -0.273584   1.06852 -0.692268
 0.710724 -0.273584   1.06852 -0.692268
 0.709243 -0.277916   1.06077 -0.691585
  0.71307 -0.278946   1.05732 -0.694005
  0.71307 -0.278946   1.05732 -0.694005
 0.712217 -0.275882   1.06241 -0.693654
 0.704578 -0.276665   1.06431 -0.689589
 0.704578 -0.276665   1.06431 -0.689589
 0.707677 -0.281345   1.05688 -0.691613
 0.705863  -0.27825   1.06152 -0.689327
 0.730644 -0.246313    1.0779 -0.684346
 0.733913  -0.24051   1.08477 -0.684401
 0.733913  -0.24051   1.08477 -0.684401
 0.729402 -0.243779   1.08146 -0.682629
 0.720876 -0.248439   1.10225 -0.692539
 0.720876 -0.248439   1.10225 -0.692539
 0.730483 -0.244456   1.08531 -0.686554
 0.734949 -0.234666   1.09912 -0.686757
 0.733989 -0.263613    1.0249 -0.680899
 0.733989 -0.263613    1.0249 -0.680899
 0.728118  -0.27514   1.01251 -0.681749
 0.728919 -0.268917   1.02451 -0.682383
 0.722736 -0.277765    1.0181  -0.68369
 0.721735 -0.277542   1.01034 -0.677553
 0.719835 -0.275284   1.01275 -0.675402
 0.727055 -0.273178    1.0237 -0.686048
 0.727055 -0.273178    1.0237 -0.686048
 0.735787 -0.262747   1.02059 -0.678269
 0.728131 -0.266608   1.02187 -0.677233
 0.728131 -0.266608   1.02187 -0.677233
0.730284 -0.26247  1.02467 -0.67637
0.730284 -0.26247  1.02467 -0.67637
0.730284 -0.26247  1.02467 -0.67637
 0.740604 -0.255424   1.02311 -0.676664
 0.744419 -0.256716   1.01318 -0.675503
 0.744419 -0.256716   1.01318 -0.675503
 0.747033 -0.255401   1.01468 -0.676812
  0.74383 -0.263556    1.0175 -0.683488
  0.74383 -0.263556    1.0175 -0.683488
  0.74383 -0.263556    1.0175 -0.683488
 0.751762 -0.255171   1.01133  -0.67858
 0.751762 -0.255171   1.01133  -0.67858
 0.748607 -0.253622   1.01403 -0.675864
 0.762112 -0.238534   1.02102 -0.676621
 0.737433 -0.270106   1.00534 -0.678954
 0.739901 -0.268195   1.01423 -0.683963
 0.739901 -0.268195   1.01423 -0.683963
 0.740009 -0.266279   1.01582 -0.683106
 0.742708 -0.264435   1.00744  -0.67866
 0.742708 -0.264435   1.00744  -0.67866
 0.750815  -0.24149   1.03231 -0.678694
 0.750815  -0.24149   1.03231 -0.678694
 0.751824 -0.241349   1.03583 -0.679985
 0.751824 -0.241349   1.03583 -0.679985
 0.754649 -0.239906   1.03157 -0.679427
 0.765868 -0.218631   1.05235 -0.675528
 0.765868 -0.218631   1.05235 -0.675528
 0.764985 -0.219168   1.05479 -0.676237
 0.752815 -0.226132   1.06038 -0.677157
 0.752815 -0.226132   1.06038 -0.677157
 0.768824 -0.233282    1.0242 -0.679056
 0.756794 -0.256877   1.00876 -0.685277
 0.757664 -0.250278   1.02188 -0.685895
0.772612  -0.2354  1.02696 -0.68659
0.772612  -0.2354  1.02696 -0.68659
 0.750009  -0.25983   1.01384 -0.683986
 0.750009  -0.25983   1.01384 -0.683986
 0.750009  -0.25983   1.01384 -0.683986
 0.750009  -0.25983   1.01384 -0.683986
 0.753576 -0.255726   1.01763 -0.684547
 0.766024 -0.242751   1.02019 -0.684607
 0.764375 -0.242891   1.02215 -0.684312
 0.760137 -0.243994   1.01132 -0.678103
 0.760137 -0.243994   1.01132 -0.678103
 0.760137 -0.243994   1.01132 -0.678103
 0.760137 -0.243994   1.01132 -0.678103
 0.760137 -0.243994   1.01132 -0.678103
 0.760137 -0.243994   1.01132 -0.678103
 0.760137 -0.243994   1.01132 -0.678103
 0.758134 -0.251217   1.01364 -0.685773
 0.758134 -0.251217   1.01364 -0.685773
 0.764045 -0.238436   1.02705 -0.685275
 0.758322 -0.250082     1.023 -0.689907
 0.760401 -0.251434   1.01126 -0.686236
 0.760401 -0.251434   1.01126 -0.686236
 0.771324 -0.217613   1.05327 -0.679886
 0.773203 -0.218263   1.04447 -0.676263
 0.735001 -0.266866   1.02143 -0.684146
 0.735001 -0.266866   1.02143 -0.684146
  0.73185 -0.288868  0.997139 -0.691494
 0.724857 -0.292497   1.01097  -0.69742
   0.7241 -0.287412   1.00786 -0.687744
 0.745056 -0.274167   1.02181 -0.698601
 0.745056 -0.274167   1.02181 -0.698601
 0.745056 -0.274167   1.02181 -0.698601
 0.748801 -0.274307   1.00678 -0.694507
 0.741564 -0.277917   1.02018  -0.69927
 0.737168 -0.285004   1.01012 -0.696569
 0.737168 -0.285004   1.01012 -0.696569
 0.737168 -0.285004   1.01012 -0.696569
 0.737168 -0.285004   1.01012 -0.696569
 0.737168 -0.285004   1.01012 -0.696569
 0.711066 -0.246477   1.05971 -0.668726
 0.709191 -0.237636   1.07965 -0.671433
 0.730098 -0.241856   1.05244 -0.679321
 0.730098 -0.241856   1.05244 -0.679321
 0.735192 -0.239029   1.05239 -0.680774
 0.735192 -0.239029   1.05239 -0.680774
 0.735192 -0.239029   1.05239 -0.680774
 0.735192 -0.239029   1.05239 -0.680774
 0.732225 -0.244544    1.0532 -0.684758
 0.732225 -0.244544    1.0532 -0.684758
 0.733966 -0.238498   1.05914 -0.683367
 0.733851 -0.239034   1.05712 -0.684628
 0.733851 -0.239034   1.05712 -0.684628
 0.738043 -0.243426   1.04795 -0.687268
 0.745617 -0.219371   1.07384 -0.681706
 0.745617 -0.219371   1.07384 -0.681706
 0.745617 -0.219371   1.07384 -0.681706
 0.741101 -0.224838   1.07387  -0.68342
 0.746309 -0.217064   1.07873 -0.682859
 0.750174 -0.224626   1.05831 -0.683281
 0.751011 -0.221946   1.07249 -0.688005
 0.751011 -0.221946   1.07249 -0.688005
 0.751011 -0.221946   1.07249 -0.688005
0.750137 -0.22217  1.06787 -0.68502
  0.74852 -0.220284   1.06734 -0.682185
 0.739714 -0.237548   1.06081 -0.688421
 0.739714 -0.237548   1.06081 -0.688421
 0.742802  -0.23566    1.0576 -0.686792
 0.742802  -0.23566    1.0576 -0.686792
 0.738808 -0.242809   1.05192  -0.68947
 0.738808 -0.242809   1.05192  -0.68947
 0.732503 -0.252347   1.05018 -0.691567
 0.737237 -0.250183   1.05208 -0.693508
 0.737237 -0.250183   1.05208 -0.693508
  0.73472 -0.249528   1.05413 -0.692157
  0.73472 -0.249528   1.05413 -0.692157
  0.73472 -0.249528   1.05413 -0.692157
 0.657496 -0.388984  0.956637 -0.717832
 0.658397 -0.388891  0.951724 -0.715027
