 0.314639 -0.119938  0.898472 -0.349907
 0.314639 -0.119938  0.898472 -0.349907
 0.244127 -0.179823  0.981418 -0.424063
 0.244127 -0.179823  0.981418 -0.424063
 0.231454  -0.18965  0.986615 -0.435621
 0.231454  -0.18965  0.986615 -0.435621
 0.304562 -0.137128  0.930972 -0.367377
 0.304562 -0.137128  0.930972 -0.367377
 0.304562 -0.137128  0.930972 -0.367377
 0.230743 -0.188178  0.982232 -0.434729
 0.272796 -0.131987  0.883062 -0.373128
  0.22163 -0.203044   1.00714 -0.449223
  0.22163 -0.203044   1.00714 -0.449223
  0.22163 -0.203044   1.00714 -0.449223
  0.349823 -0.0506251   0.775431  -0.278651
 0.225578 -0.193706  0.988781 -0.441133
 0.225578 -0.193706  0.988781 -0.441133
 0.225578 -0.193706  0.988781 -0.441133
 0.225578 -0.193706  0.988781 -0.441133
 0.210674  -0.20873   1.01224 -0.458604
 0.210674  -0.20873   1.01224 -0.458604
  0.24469 -0.187859  0.999922 -0.429547
 0.230071 -0.195202   1.00111 -0.440609
 0.230071 -0.195202   1.00111 -0.440609
 0.230071 -0.195202   1.00111 -0.440609
  0.329912 -0.0597782   0.778949  -0.293676
 0.247735 -0.154081  0.911428 -0.400736
 0.247735 -0.154081  0.911428 -0.400736
  0.348513 -0.0510532   0.776043  -0.279615
  0.348513 -0.0510532   0.776043  -0.279615
  0.24624 -0.159737  0.924762 -0.406828
 0.241442 -0.177586  0.970314 -0.423212
  0.345349 -0.0502887   0.771063  -0.279936
 0.226749 -0.209078   1.03818 -0.453201
 0.213128 -0.187709  0.954183 -0.440624
 0.213128 -0.187709  0.954183 -0.440624
 0.213128 -0.187709  0.954183 -0.440624
 0.199074  -0.23067   1.05917 -0.479773
 0.241176 -0.167269  0.935585 -0.413627
 0.214814 -0.215213   1.03381  -0.46151
 0.324395 -0.117976  0.902028 -0.344703
  0.327053 -0.0708367   0.799838  -0.304103
  0.327053 -0.0708367   0.799838  -0.304103
 0.221192 -0.183438  0.954939 -0.434675
 0.221192 -0.183438  0.954939 -0.434675
 0.271811 -0.138058   0.89733 -0.378454
 0.271811 -0.138058   0.89733 -0.378454
 0.250702 -0.156388   0.92035 -0.401665
 0.250702 -0.156388   0.92035 -0.401665
 0.262675 -0.147343  0.911728 -0.389709
 0.312679  -0.11746  0.888001 -0.347755
 0.312679  -0.11746  0.888001 -0.347755
 0.238068 -0.180525  0.970509 -0.425878
  0.318492 -0.0760733   0.804321   -0.31172
  0.318492 -0.0760733   0.804321   -0.31172
 0.203901 -0.220318   1.03392 -0.469767
 0.203901 -0.220318   1.03392 -0.469767
 0.213287 -0.191014  0.962585 -0.443055
 0.213287 -0.191014  0.962585 -0.443055
 0.213287 -0.191014  0.962585 -0.443055
 0.240711 -0.155729   0.90899  -0.40569
 0.240711 -0.155729   0.90899  -0.40569
 0.240711 -0.155729   0.90899  -0.40569
 0.202118 -0.237579    1.0779 -0.482897
 0.226066 -0.194488  0.992995 -0.441398
 0.312762 -0.116119  0.887047 -0.347237
 0.235769 -0.181299   0.96679 -0.426843
 0.212855 -0.186989  0.951858 -0.440176
 0.212855 -0.186989  0.951858 -0.440176
 0.311975 -0.126972   0.91229 -0.356253
 0.311975 -0.126972   0.91229 -0.356253
 0.311975 -0.126972   0.91229 -0.356253
  0.323388 -0.0652003   0.785351  -0.300724
  0.323388 -0.0652003   0.785351  -0.300724
  0.323388 -0.0652003   0.785351  -0.300724
 0.253184 -0.165998  0.948737 -0.408467
 0.253184 -0.165998  0.948737 -0.408467
 0.244276 -0.185479  0.997795 -0.428708
 0.221143 -0.202751   1.00598 -0.449243
 0.231919 -0.170081  0.935773 -0.420684
  0.22164 -0.197122  0.997727  -0.44579
  0.22164 -0.197122  0.997727  -0.44579
 0.324251 -0.110271  0.883916 -0.338459
 0.324251 -0.110271  0.883916 -0.338459
 0.231298 -0.171153  0.937497 -0.421799
 0.231298 -0.171153  0.937497 -0.421799
 0.231298 -0.171153  0.937497 -0.421799
  0.351707 -0.0463996   0.768223  -0.274376
 0.322556 -0.111511  0.886307 -0.340261
 0.322556 -0.111511  0.886307 -0.340261
  0.340648 -0.0554774   0.778127  -0.286082
 0.236772 -0.166563  0.929938 -0.414806
 0.237845  -0.18405  0.977262 -0.428375
 0.272162  -0.13018  0.880017 -0.372314
 0.272162  -0.13018  0.880017 -0.372314
 0.218631 -0.199509    1.0008 -0.448972
 0.202438 -0.222983   1.04056 -0.472672
 0.235463 -0.166257  0.927901 -0.415206
 0.230095 -0.171322  0.934952 -0.422076
    0.3303 -0.0567784   0.772554  -0.290791
    0.3303 -0.0567784   0.772554  -0.290791
 0.225917 -0.196639   0.99856  -0.44313
 0.317954 -0.122215  0.905866  -0.35038
 0.255036 -0.150185  0.910599 -0.394824
 0.223579 -0.183269  0.957261 -0.433552
 0.223579 -0.183269  0.957261 -0.433552
 0.236997 -0.193024   1.01015 -0.437377
 0.241291   -0.1577  0.915324 -0.407276
 0.320696 -0.113277   0.88893 -0.342449
 0.320696 -0.113277   0.88893 -0.342449
 0.320696 -0.113277   0.88893 -0.342449
 0.320696 -0.113277   0.88893 -0.342449
 0.231551 -0.196683   1.01173 -0.442033
 0.247834 -0.157743  0.919493 -0.403133
 0.247834 -0.157743  0.919493 -0.403133
 0.215794 -0.219398   1.04475 -0.463989
 0.215794 -0.219398   1.04475 -0.463989
 0.238811 -0.150636  0.894499 -0.402459
 0.240428 -0.180396  0.978794 -0.426154
 0.240428 -0.180396  0.978794 -0.426154
 0.275245 -0.138232  0.900555 -0.377196
 0.275245 -0.138232  0.900555 -0.377196
 0.227321 -0.160183  0.904395 -0.414288
 0.230222 -0.188354  0.981964   -0.4353
 0.212355 -0.205652   1.00604 -0.455691
  0.22884 -0.194843   1.00333 -0.441695
  0.22884 -0.194843   1.00333 -0.441695
  0.22884 -0.194843   1.00333 -0.441695
 0.236632 -0.181477  0.975251 -0.427933
  0.31945 -0.120776   0.90416 -0.348706
 0.256645 -0.169202  0.965851 -0.410606
 0.253463 -0.149935  0.907291 -0.395986
 0.253463 -0.149935  0.907291 -0.395986
 0.222511 -0.165282  0.911631 -0.420268
 0.316921 -0.130665  0.926099 -0.357656
 0.295994 -0.139251  0.928122 -0.372062
 0.246517 -0.146796   0.89245 -0.395975
 0.263358 -0.136722  0.886361 -0.380806
 0.263358 -0.136722  0.886361 -0.380806
 0.263358 -0.136722  0.886361 -0.380806
  0.31097 -0.123267  0.903353 -0.353909
  0.31097 -0.123267  0.903353 -0.353909
  0.31097 -0.123267  0.903353 -0.353909
 0.295518 -0.139756   0.92857 -0.372614
  0.298778 -0.0958205   0.831218   -0.33542
  0.298778 -0.0958205   0.831218   -0.33542
 0.277444 -0.123004  0.867517 -0.364326
 0.277444 -0.123004  0.867517 -0.364326
  0.24265 -0.164155  0.929211 -0.411008
  0.24265 -0.164155  0.929211 -0.411008
  0.24265 -0.164155  0.929211 -0.411008
 0.268302 -0.145736  0.912075  -0.38581
 0.268302 -0.145736  0.912075  -0.38581
 0.216179 -0.206381   1.01514 -0.454944
 0.216179 -0.206381   1.01514 -0.454944
 0.211755 -0.211226   1.02237  -0.46033
 0.234186 -0.163277  0.921044 -0.414486
 0.234186 -0.163277  0.921044 -0.414486
  0.26818 -0.136196  0.890465 -0.378659
 0.268526 -0.145033  0.910328 -0.385214
 0.240537 -0.166744  0.934985 -0.413298
 0.230482 -0.194897  0.999656 -0.440334
 0.235453 -0.163503  0.923073 -0.414062
 0.198134  -0.22517   1.03984 -0.475953
 0.198134  -0.22517   1.03984 -0.475953
  0.351907 -0.0494757   0.774455  -0.276886
  0.351907 -0.0494757   0.774455  -0.276886
 0.239821 -0.183001  0.979034 -0.427582
 0.198497 -0.227314   1.04692 -0.477462
 0.307141 -0.131321  0.918994 -0.361604
 0.243701 -0.177955  0.970176 -0.421844
 0.225432 -0.167405  0.920268 -0.420979
 0.237007 -0.189645  0.993652 -0.433724
 0.238842 -0.134098  0.856593 -0.389139
 0.238842 -0.134098  0.856593 -0.389139
 0.238842 -0.134098  0.856593 -0.389139
  0.333949 -0.0544465   0.770526  -0.287502
  0.333949 -0.0544465   0.770526  -0.287502
 0.326833 -0.107381  0.879305 -0.335194
 0.326833 -0.107381  0.879305 -0.335194
 0.326833 -0.107381  0.879305 -0.335194
 0.326833 -0.107381  0.879305 -0.335194
 0.228259 -0.187802   0.97469 -0.434948
  0.24765 -0.182895  0.993805 -0.425235
 0.229168 -0.191332  0.991995 -0.438424
 0.229168 -0.191332  0.991995 -0.438424
 0.222826  -0.19729  0.996198 -0.444947
 0.217575 -0.213835   1.03218 -0.459098
 0.249124 -0.160124   0.92666  -0.40539
 0.240627 -0.136336  0.863622 -0.390224
 0.211425 -0.223149    1.0497 -0.468498
 0.296743 -0.144842  0.942669  -0.37636
 0.296743 -0.144842  0.942669  -0.37636
 0.296743 -0.144842  0.942669  -0.37636
 0.296743 -0.144842  0.942669  -0.37636
 0.296743 -0.144842  0.942669  -0.37636
  0.23281 -0.152369  0.892205 -0.405969
  0.23281 -0.152369  0.892205 -0.405969
 0.248325 -0.159363  0.923351 -0.405013
 0.248325 -0.159363  0.923351 -0.405013
 0.293418 -0.104034  0.844518 -0.344334
 0.241381 -0.166954  0.935636 -0.413401
 0.223293 -0.194431  0.994225 -0.443446
 0.194753 -0.230411   1.04956 -0.481178
 0.194753 -0.230411   1.04956 -0.481178
 0.236163 -0.181693  0.974815 -0.428204
   0.34243 -0.0521203   0.772117  -0.282454
 0.231818 -0.188601  0.985309 -0.435122
 0.231818 -0.188601  0.985309 -0.435122
 0.237364 -0.156769  0.906471 -0.407402
 0.233187  -0.18632  0.980223 -0.432337
 0.311257 -0.122237  0.901081 -0.353016
 0.234236 -0.161103   0.91614 -0.412775
 0.277205 -0.125161  0.878656 -0.367683
 0.277205 -0.125161  0.878656 -0.367683
 0.277205 -0.125161  0.878656 -0.367683
 0.277205 -0.125161  0.878656 -0.367683
 0.270282 -0.133588  0.883952 -0.375267
 0.270282 -0.133588  0.883952 -0.375267
 0.227955 -0.195967   1.00355 -0.442506
 0.227955 -0.195967   1.00355 -0.442506
 0.229893 -0.192031  0.991155 -0.438073
 0.229893 -0.192031  0.991155 -0.438073
 0.229893 -0.192031  0.991155 -0.438073
 0.221284 -0.157999  0.892188 -0.415072
 0.219144  -0.20729   1.02399 -0.454885
 0.227477 -0.195881  0.995428 -0.441531
 0.227477 -0.195881  0.995428 -0.441531
  0.22496 -0.179334  0.948354 -0.429846
  0.22496 -0.179334  0.948354 -0.429846
 0.263647 -0.141841  0.899563 -0.385014
  0.24005 -0.179962  0.975422 -0.425705
 0.272322 -0.134898  0.890211 -0.375599
 0.251685 -0.128422  0.856975 -0.379483
 0.239376 -0.170114  0.940924 -0.416631
 0.266222 -0.139629  0.896273 -0.382046
  0.309386 -0.0840694    0.81405  -0.321597
 0.213718 -0.221829   1.04969 -0.466653
 0.213718 -0.221829   1.04969 -0.466653
  0.30446 -0.133721  0.921946 -0.364433
 0.248349 -0.174178  0.966358 -0.417415
 0.248354 -0.159261  0.924658 -0.404357
 0.248354 -0.159261  0.924658 -0.404357
 0.248354 -0.159261  0.924658 -0.404357
   0.33753 -0.0504465   0.764857  -0.282642
   0.33753 -0.0504465   0.764857  -0.282642
   0.33753 -0.0504465   0.764857  -0.282642
 0.316482  -0.12255  0.906455 -0.351114
 0.240764 -0.163927  0.926282 -0.411571
 0.240764 -0.163927  0.926282 -0.411571
 0.253658 -0.153899  0.917753 -0.398237
 0.253658 -0.153899  0.917753 -0.398237
  0.307202 -0.0880361   0.820942  -0.325755
  0.307202 -0.0880361   0.820942  -0.325755
  0.307202 -0.0880361   0.820942  -0.325755
 0.219475  -0.16664  0.911759 -0.422576
 0.219475  -0.16664  0.911759 -0.422576
 0.219475  -0.16664  0.911759 -0.422576
 0.250518  -0.17413   0.97472 -0.417411
 0.250518  -0.17413   0.97472 -0.417411
 0.224227 -0.197406  0.997926 -0.444315
 0.224227 -0.197406  0.997926 -0.444315
 0.224227 -0.197406  0.997926 -0.444315
 0.250455 -0.155553  0.917517 -0.401354
  0.338496 -0.0488917   0.762958  -0.281144
  0.338496 -0.0488917   0.762958  -0.281144
  0.338496 -0.0488917   0.762958  -0.281144
 0.245575 -0.184789  0.992765 -0.426824
 0.245575 -0.184789  0.992765 -0.426824
 0.236648 -0.181678  0.971674 -0.427699
 0.207737 -0.218154   1.03578 -0.467141
 0.207737 -0.218154   1.03578 -0.467141
 0.317742 -0.115238  0.889136 -0.344503
 0.196745 -0.228092   1.04655 -0.478805
 0.196745 -0.228092   1.04655 -0.478805
 0.228617 -0.194261  0.992433 -0.439708
 0.216169 -0.202289   1.00189 -0.451543
 0.216169 -0.202289   1.00189 -0.451543
 0.216169 -0.202289   1.00189 -0.451543
 0.216169 -0.202289   1.00189 -0.451543
 0.275337 -0.135983  0.894677 -0.375262
 0.275337 -0.135983  0.894677 -0.375262
  0.328932 -0.0632935   0.785017  -0.296934
 0.241846 -0.182208  0.985271 -0.426846
 0.228768 -0.165396  0.918687 -0.417826
 0.239997 -0.167194  0.934318 -0.414428
 0.224743 -0.197667   1.00066 -0.444458
  0.31938 -0.121322  0.906084 -0.349087
  0.31938 -0.121322  0.906084 -0.349087
 0.221353 -0.202061   1.00701 -0.448995
 0.211327 -0.210098   1.01681 -0.459238
 0.214895 -0.217706   1.03977 -0.463151
 0.214895 -0.217706   1.03977 -0.463151
 0.214895 -0.217706   1.03977 -0.463151
 0.276512 -0.127921  0.878509 -0.368811
 0.259126 -0.174607  0.983697 -0.414301
 0.259126 -0.174607  0.983697 -0.414301
 0.228055 -0.183385  0.960754  -0.43156
 0.247304   -0.1513   0.90532 -0.399647
  0.24867 -0.172594  0.962517 -0.415997
  0.315517 -0.0784452   0.806445  -0.314678
  0.315517 -0.0784452   0.806445  -0.314678
  0.21206 -0.211517   1.01668 -0.459277
  0.21206 -0.211517   1.01668 -0.459277
 0.236162  -0.17352  0.945529 -0.420833
 0.236162  -0.17352  0.945529 -0.420833
0.266456  -0.1376 0.889988 -0.37973
0.266456  -0.1376 0.889988 -0.37973
0.266456  -0.1376 0.889988 -0.37973
 0.233053 -0.165809  0.926196 -0.416891
 0.221942 -0.163782  0.906729 -0.419221
 0.215299 -0.208326   1.02048  -0.45688
 0.215299 -0.208326   1.02048  -0.45688
 0.205743 -0.219006    1.0342 -0.468344
 0.205743 -0.219006    1.0342 -0.468344
 0.205743 -0.219006    1.0342 -0.468344
 0.244037 -0.158704  0.918898 -0.405868
 0.214438 -0.211388   1.02617 -0.459355
 0.312478 -0.126475  0.912329 -0.355908
 0.228089 -0.191091   0.98348 -0.437676
 0.228089 -0.191091   0.98348 -0.437676
 0.210721 -0.212928    1.0259 -0.462052
 0.229118 -0.189258  0.982855 -0.436162
 0.229118 -0.189258  0.982855 -0.436162
   0.2689 -0.133498  0.884533 -0.376183
   0.2689 -0.133498  0.884533 -0.376183
   0.2689 -0.133498  0.884533 -0.376183
 0.216316 -0.212483   1.03377 -0.459809
 0.223835 -0.155571  0.888743 -0.411992
 0.223835 -0.155571  0.888743 -0.411992
 0.223835 -0.155571  0.888743 -0.411992
  0.22644 -0.197086   1.00035 -0.443363
 0.309931 -0.121758   0.89826 -0.353037
 0.309931 -0.121758   0.89826 -0.353037
 0.265118 -0.138798  0.893364 -0.381854
 0.265118 -0.138798  0.893364 -0.381854
 0.200713 -0.220476   1.03055 -0.471359
 0.200713 -0.220476   1.03055 -0.471359
 0.200713 -0.220476   1.03055 -0.471359
 0.242946 -0.136553  0.866715 -0.389551
 0.242946 -0.136553  0.866715 -0.389551
 0.308838 -0.124506  0.903696 -0.355639
 0.308838 -0.124506  0.903696 -0.355639
 0.220697 -0.204622   1.01452 -0.451458
 0.220697 -0.204622   1.01452 -0.451458
 0.267871 -0.146044  0.915286 -0.387088
 0.267871 -0.146044  0.915286 -0.387088
 0.278565 -0.135657  0.897989 -0.373903
 0.242811 -0.189693   1.00251 -0.431672
  0.31354  -0.11984  0.896484 -0.350112
 0.226381 -0.174307  0.939699 -0.426142
 0.224567 -0.199143   1.00344  -0.44546
  0.306587 -0.0894413   0.824129  -0.327533
 0.259116 -0.144754  0.901065 -0.389774
 0.259116 -0.144754  0.901065 -0.389774
 0.238389 -0.181129  0.969461  -0.42571
 0.238389 -0.181129  0.969461  -0.42571
 0.210265 -0.228539   1.06374 -0.472968
0.312838 -0.12071 0.899149 -0.35128
0.312838 -0.12071 0.899149 -0.35128
 0.242037 -0.178298  0.970877 -0.423281
 0.242037 -0.178298  0.970877 -0.423281
 0.233724 -0.189296  0.988739 -0.434826
  0.25162 -0.174368  0.975965 -0.417113
  0.25162 -0.174368  0.975965 -0.417113
 0.232304 -0.160263  0.911168 -0.412748
  0.309927 -0.0813704   0.808754  -0.319144
  0.300893 -0.0949965   0.830574  -0.333782
  0.300893 -0.0949965   0.830574  -0.333782
 0.215797 -0.202664   1.00549 -0.452396
 0.215797 -0.202664   1.00549 -0.452396
 0.252611 -0.149641  0.903864 -0.394707
0.317373 -0.11806 0.896589  -0.3474
 0.245608 -0.156035  0.914075 -0.403166
 0.241496 -0.176652  0.961425 -0.421017
 0.216455 -0.190079  0.964953 -0.441427
  0.26761 -0.143594  0.906277 -0.384522
 0.218851 -0.202294   1.00787 -0.450777
 0.218851 -0.202294   1.00787 -0.450777
 0.234586 -0.166076  0.926672 -0.416157
 0.222782 -0.201593   1.00398  -0.44757
 0.335496 -0.051727  0.765688 -0.284402
 0.335496 -0.051727  0.765688 -0.284402
 0.335496 -0.051727  0.765688 -0.284402
 0.233037   -0.1885   0.98568 -0.434429
 0.233037   -0.1885   0.98568 -0.434429
 0.228361 -0.197284   1.00854 -0.443627
 0.233567 -0.147128  0.880276 -0.401551
 0.298204 -0.136955  0.923361 -0.369208
 0.198643 -0.226326   1.04419 -0.476661
  0.324953 -0.0700004   0.796468  -0.304163
  0.22042 -0.161535  0.899356 -0.418167
  0.22042 -0.161535  0.899356 -0.418167
  0.22042 -0.161535  0.899356 -0.418167
 0.240283 -0.177587  0.969164 -0.423441
 0.240283 -0.177587  0.969164 -0.423441
 0.242326 -0.164999  0.932436 -0.411454
 0.242326 -0.164999  0.932436 -0.411454
 0.237164 -0.172496  0.943429 -0.419539
 0.237164 -0.172496  0.943429 -0.419539
 0.224412 -0.193549  0.988226 -0.441345
 0.224412 -0.193549  0.988226 -0.441345
  0.22169 -0.206291   1.01671 -0.451859
 0.219798 -0.163972  0.905264 -0.420292
 0.239711 -0.172635  0.947425 -0.418389
 0.233142 -0.191518  0.999937  -0.43754
 0.233142 -0.191518  0.999937  -0.43754
 0.233142 -0.191518  0.999937  -0.43754
 0.233142 -0.191518  0.999937  -0.43754
 0.226344 -0.194882  0.999552 -0.442462
 0.247689 -0.181902    0.9873 -0.423787
 0.247689 -0.181902    0.9873 -0.423787
 0.252393 -0.151972  0.911653 -0.397605
 0.252393 -0.151972  0.911653 -0.397605
 0.252393 -0.151972  0.911653 -0.397605
  0.345107 -0.0492459   0.768862  -0.279119
  0.31118 -0.121523  0.899014 -0.352377
  0.31118 -0.121523  0.899014 -0.352377
 0.245274 -0.174624  0.968793 -0.419718
 0.245274 -0.174624  0.968793 -0.419718
 0.266487 -0.148404  0.918861 -0.389425
 0.266487 -0.148404  0.918861 -0.389425
 0.266487 -0.148404  0.918861 -0.389425
  0.344028 -0.0532865   0.776268  -0.282996
  0.344028 -0.0532865   0.776268  -0.282996
  0.344028 -0.0532865   0.776268  -0.282996
 0.231765 -0.151376  0.888832 -0.405705
 0.248558 -0.152847  0.908038 -0.398946
 0.248558 -0.152847  0.908038 -0.398946
 0.309319 -0.128716  0.914439 -0.358692
   0.2124 -0.173024  0.917917 -0.430322
 0.236342 -0.165803  0.928766  -0.41539
 0.229071 -0.190356  0.986161 -0.437108
 0.289715 -0.143946  0.933259 -0.378056
 0.289715 -0.143946  0.933259 -0.378056
 0.217796 -0.207346   1.01311 -0.453838
 0.238727 -0.165337  0.932208 -0.414352
 0.244366 -0.157263  0.916293  -0.40553
 0.244366 -0.157263  0.916293  -0.40553
 0.244366 -0.157263  0.916293  -0.40553
  0.29915 -0.134651   0.91975 -0.367191
  0.29915 -0.134651   0.91975 -0.367191
 0.242578 -0.160604  0.922291 -0.407956
 0.242578 -0.160604  0.922291 -0.407956
 0.242578 -0.160604  0.922291 -0.407956
 0.242578 -0.160604  0.922291 -0.407956
 0.249141 -0.155392  0.914675 -0.401201
 0.216331 -0.210375   1.02032 -0.456943
 0.308435 -0.127861  0.911877 -0.358318
 0.308435 -0.127861  0.911877 -0.358318
 0.241205 -0.182198  0.983746  -0.42719
 0.228113 -0.179562  0.951856 -0.428655
 0.228113 -0.179562  0.951856 -0.428655
 0.229228 -0.152411  0.889077 -0.407686
 0.229487 -0.190617  0.987551  -0.43721
 0.229487 -0.190617  0.987551  -0.43721
 0.233011 -0.176532  0.950557 -0.424536
 0.233011 -0.176532  0.950557 -0.424536
  0.24478 -0.172941  0.959459 -0.417963
 0.312578 -0.125715  0.909492 -0.354933
 0.312578 -0.125715  0.909492 -0.354933
 0.282187 -0.151752   0.94495 -0.387017
 0.230715 -0.199547   1.00962 -0.443124
 0.203933 -0.218921   1.03114 -0.469004
 0.228876 -0.192835  0.991731 -0.439346
 0.228876 -0.192835  0.991731 -0.439346
 0.249597 -0.157772  0.921129 -0.402938
 0.220939 -0.161671  0.899644 -0.417891
 0.251643 -0.153319  0.912943 -0.398714
 0.249041 -0.173235  0.967531 -0.416559
 0.300195 -0.126843   0.90011 -0.360437
 0.300195 -0.126843   0.90011 -0.360437
 0.300195 -0.126843   0.90011 -0.360437
 0.248753 -0.155108  0.917722 -0.402271
 0.212419 -0.208568   1.01602 -0.458054
 0.243624 -0.163554  0.929288  -0.41024
  0.300706 -0.0947303   0.830964  -0.334152
  0.300706 -0.0947303   0.830964  -0.334152
 0.223352 -0.204984   1.01894 -0.450957
 0.238853 -0.154323  0.903781 -0.405311
 0.238853 -0.154323  0.903781 -0.405311
 0.211764 -0.213171   1.02498 -0.461358
 0.242327 -0.164084  0.930003 -0.411441
 0.220073 -0.207791   1.01805 -0.453412
 0.264917 -0.156139  0.940296 -0.397059
 0.247092 -0.158933  0.921988 -0.404517
 0.206886 -0.213818   1.02287 -0.464257
 0.206886 -0.213818   1.02287 -0.464257
 0.242829 -0.162112  0.926049 -0.408759
 0.242829 -0.162112  0.926049 -0.408759
 0.242829 -0.162112  0.926049 -0.408759
 0.259235 -0.141583  0.891735 -0.385847
 0.205922 -0.222265    1.0455 -0.471025
0.241947 -0.15088 0.898445 -0.40131
0.241947 -0.15088 0.898445 -0.40131
  0.30796 -0.132242  0.921995 -0.362109
 0.312833 -0.124776  0.907063 -0.354073
 0.312833 -0.124776  0.907063 -0.354073
 0.312833 -0.124776  0.907063 -0.354073
 0.218765 -0.205216   1.00963  -0.45215
